0,0,108,340,730,52302.5121383667
0,1,92,285,624,42574.74932861328
0,2,92,285,645,42598.28579711914
0,3,107,339,724,52467.972244262695
0,4,107,339,728,52506.48825073242
0,5,85,268,593,42353.12526702881
0,6,85,268,588,42344.009269714355
0,7,107,338,742,52577.64214324951
0,8,85,267,599,42384.14724731445
0,9,107,338,740,52628.17768859863
0,10,107,338,753,52700.00650024414
0,11,85,268,597,42514.57791900635
0,12,85,268,577,42505.478660583496
0,13,109,340,743,53065.7195892334
0,14,86,269,584,42594.838134765625
0,15,94,287,629,43092.33491516113
0,16,86,271,587,42682.662117004395
0,17,109,342,752,54052.97449493408
0,18,86,270,571,42719.0590133667
0,19,109,343,743,54530.54692840576
0,20,86,273,601,42766.226303100586
0,21,109,343,741,55085.94602203369
0,22,86,271,594,42796.66178894043
0,23,109,342,760,54968.66382598877
1,0,86,270,601,42856.25399017334
1,1,110,343,733,55494.95276641846
1,2,86,271,584,42935.60347747803
1,3,109,342,725,55970.446144104004
1,4,94,288,632,43657.781158447266
1,5,86,270,572,43017.13246154785
1,6,86,270,588,43027.994148254395
1,7,109,342,736,56895.36917877197
1,8,86,270,579,43128.75469970703
1,9,109,342,728,57223.060974121094
1,10,86,270,572,43168.6965713501
1,11,109,343,723,57330.838539123535
1,12,86,271,579,43201.92615509033
1,13,109,343,722,57446.95420837402
1,14,109,344,762,57517.05546569824
1,15,109,343,759,57573.33686828613
1,16,86,272,570,43326.513671875
1,17,109,342,721,57646.67325592041
1,18,86,270,570,43397.39489746094
1,19,110,342,683,57759.394439697266
1,20,86,270,538,43452.74700164795
1,21,87,269,537,43516.10140991211
1,22,87,267,533,43499.42964935303
1,23,111,339,674,57902.72250366211
2,0,112,350,749,57937.912200927734
2,1,90,277,584,43614.28325653076
2,2,112,347,716,58010.185234069824
2,3,112,345,728,58057.67882537842
2,4,112,343,730,58100.40478515625
2,5,89,272,567,43728.798194885254
2,6,89,272,579,43747.98432159424
2,7,89,272,579,43780.00644683838
2,8,112,343,714,58158.88319396973
2,9,113,343,714,58209.64408874512
2,10,114,343,732,58257.52250671387
2,11,91,272,575,43901.54109954834
2,12,114,343,726,58321.686378479004
2,13,91,273,572,43949.36028289795
2,14,114,344,732,58332.82241821289
2,15,91,273,596,43989.71876525879
2,16,114,344,742,58036.18790435791
2,17,90,272,569,43663.18312835693
2,18,90,272,574,43679.574630737305
2,19,113,344,758,58020.77161407471
2,20,113,343,709,58044.03486633301
2,21,90,273,563,43770.756408691406
2,22,90,272,556,43804.43605041504
2,23,90,272,556,43837.31694793701
3,0,114,347,763,58281.56833648682
3,1,91,274,610,43908.00695037842
3,2,91,274,616,43950.383850097656
3,3,115,347,759,58491.41265106201
3,4,115,347,762,58560.20958709717
3,5,92,274,612,44102.04362487793
3,6,115,347,762,58668.95469665527
3,7,116,347,776,58743.5964050293
3,8,93,274,602,44409.63355255127
3,9,93,274,583,44620.29374694824
3,10,116,348,756,59243.013679504395
3,11,93,275,614,44718.38326263428
3,12,93,275,595,44767.2060546875
3,13,116,348,778,59445.357109069824
3,14,116,348,766,59492.15943145752
3,15,93,277,597,44873.63680267334
3,16,94,277,588,44890.96520996094
3,17,94,276,597,45096.54746246338
3,18,118,350,766,60132.711029052734
3,19,103,295,721,47254.02322387695
3,20,118,352,822,61953.40037536621
3,21,94,275,616,46934.194496154785
3,22,117,350,766,62610.72218322754
3,23,94,275,615,46942.063735961914
4,0,95,278,626,47060.654296875
4,1,119,354,775,63830.04382324219
4,2,96,278,606,47976.82122039795
4,3,120,354,792,64365.70903778076
4,4,97,277,592,46785.582107543945
4,5,120,352,793,63264.570304870605
4,6,120,353,790,63436.22821807861
4,7,120,352,778,63815.23636627197
4,8,112,334,698,63412.87644195557
4,9,97,277,619,47037.72700500488
4,10,97,277,602,47065.72806549072
4,11,120,352,773,65266.613525390625
4,12,97,277,605,47130.736473083496
4,13,112,335,729,64188.92995452881
4,14,97,278,628,46338.33729553223
4,15,120,353,815,65943.73892974854
4,16,98,278,610,46449.85397338867
4,17,98,278,580,47370.646423339844
4,18,121,353,737,68262.15853118896
4,19,121,352,736,68906.49600982666
4,20,98,277,578,49378.75769042969
4,21,121,352,735,69760.52779388428
4,22,121,352,735,69769.23244476318
4,23,121,352,729,70085.89789581299
5,0,98,277,572,50010.95789337158
5,1,121,352,727,70448.21492004395
5,2,121,350,725,70552.2647857666
5,3,98,277,571,50328.57939147949
5,4,98,277,571,50372.61683654785
5,5,121,350,725,70671.48505401611
5,6,121,350,725,70704.54898834229
5,7,98,277,571,50480.907775878906
5,8,121,350,725,70772.5929107666
5,9,121,350,725,70805.93342590332
5,10,98,277,571,50570.782791137695
5,11,121,350,725,70845.30220031738
5,12,121,350,725,70913.22537994385
5,13,98,277,571,50677.492614746094
5,14,98,276,570,50782.373596191406
5,15,121,349,724,71259.33306121826
5,16,121,349,724,71412.53889465332
5,17,121,349,724,71674.26631164551
5,18,98,276,570,51587.126037597656
5,19,98,276,570,51671.92588806152
5,20,98,276,570,52015.14722442627
5,21,120,348,723,72457.07647705078
5,22,98,276,570,52331.20936584473
5,23,120,348,723,72624.09970092773
6,0,98,280,640,52694.96346282959
6,1,120,355,827,73321.27534484863
6,2,98,280,654,53302.99057006836
6,3,120,354,811,73728.61095428467
6,4,98,279,659,53628.34896850586
6,5,120,354,821,74064.42555236816
6,6,98,279,634,53679.17056274414
6,7,98,279,652,53866.43086242676
6,8,120,354,823,74323.4094619751
6,9,120,354,811,73980.34936523438
6,10,98,279,640,53831.41869354248
6,11,120,354,815,74228.759765625
6,12,98,279,640,54052.264724731445
6,13,120,354,797,74437.40531921387
6,14,98,279,642,54298.838523864746
6,15,120,354,805,74692.23122406006
6,16,98,279,646,54523.115661621094
6,17,120,354,821,72756.63651275635
6,18,98,279,646,51881.01707458496
6,19,98,279,640,52050.4623336792
6,20,98,279,648,52166.94773101807
6,21,120,354,806,72609.80240631104
6,22,98,279,642,52451.22539520264
6,23,98,279,654,52592.79397583008
7,0,120,354,811,73121.80183410645
7,1,98,279,654,53109.55268859863
7,2,106,298,706,54172.970779418945
7,3,120,354,820,73827.28063201904
7,4,121,354,807,75539.53754425049
7,5,99,279,638,55386.145988464355
7,6,121,354,831,75824.47212219238
7,7,99,279,660,55635.5791015625
7,8,99,278,679,55780.385665893555
7,9,121,354,838,76241.06469726562
7,10,121,353,831,76375.8918762207
7,11,99,278,661,56205.118309020996
7,12,99,278,672,56321.217361450195
7,13,99,278,662,53842.81547546387
7,14,121,353,820,74806.43951416016
7,15,99,278,659,53924.750328063965
7,16,121,354,815,73486.87097930908
7,17,113,336,736,74002.61081695557
7,18,99,279,627,53394.03485870361
7,19,121,354,785,76685.36508178711
7,20,121,354,785,76647.75462341309
7,21,99,279,627,53718.43928527832
7,22,99,279,627,53698.62355041504
7,23,121,353,784,78308.21508026123
8,0,123,354,824,78616.88014984131
8,1,100,279,669,54594.61421966553
8,2,100,280,666,54615.454193115234
8,3,100,280,662,54686.342041015625
8,4,123,355,843,79577.91124725342
8,5,115,338,777,79055.32039642334
8,6,101,281,679,54803.36806488037
8,7,124,356,832,80248.20803833008
8,8,101,281,675,54891.733070373535
8,9,101,281,671,54916.180114746094
8,10,125,357,836,80927.14673614502
8,11,101,281,677,54984.47343444824
8,12,102,282,668,55014.8590927124
8,13,126,357,849,81533.57411193848
8,14,126,358,844,81769.7227935791
8,15,102,284,678,55096.43363189697
8,16,102,283,681,55087.88636779785
8,17,127,361,836,82409.18243408203
8,18,127,362,832,82110.79634857178
8,19,102,286,671,55242.082191467285
8,20,127,364,827,79495.67658996582
8,21,102,286,657,54984.111740112305
8,22,127,364,819,80488.64165496826
8,23,103,286,657,55048.0315322876
9,0,104,286,668,55033.30667114258
9,1,128,364,827,81978.64492034912
9,2,128,364,827,82558.349609375
9,3,104,286,663,55170.211265563965
9,4,104,286,663,55198.81909942627
9,5,128,363,826,84162.57815551758
9,6,128,363,826,84663.6983795166
9,7,128,363,826,85200.66152191162
9,8,104,286,663,55379.430603027344
9,9,104,288,666,55402.816146850586
9,10,104,287,664,55434.560470581055
9,11,128,365,829,86838.59005737305
9,12,128,365,829,87213.5630493164
9,13,104,287,666,55538.44499206543
9,14,104,287,667,55629.18032836914
9,15,129,368,836,88676.0915145874
9,16,105,289,669,55782.65458679199
9,17,105,291,675,55918.6696472168
9,18,105,290,671,54576.084297180176
9,19,129,368,832,89292.35291290283
9,20,105,290,673,55204.30711364746
9,21,128,368,839,91157.13077545166
9,22,128,368,839,91315.70754241943
9,23,120,349,789,90753.9087677002
10,0,107,290,676,55930.87303161621
10,1,132,370,847,91945.04042053223
10,2,107,290,687,56136.32299041748
10,3,132,370,857,92502.05749511719
10,4,107,291,688,56220.25540924072
10,5,132,371,859,92930.96369171143
10,6,123,352,804,92342.59228515625
10,7,132,372,859,93365.80535888672
10,8,132,372,860,93558.23808288574
10,9,107,292,689,56406.36998748779
10,10,107,292,688,56437.299224853516
10,11,132,372,861,93684.22905731201
10,12,107,292,690,56512.07167816162
10,13,107,292,691,56555.95439910889
10,14,107,292,692,56573.828941345215
10,15,133,372,864,93645.2587890625
10,16,134,374,868,90346.23542022705
10,17,135,375,869,90256.97413635254
10,18,117,315,743,53852.37284851074
10,19,108,295,694,53183.902099609375
10,20,107,294,704,53247.82280731201
10,21,134,373,806,90435.86610412598
10,22,106,291,635,53292.972412109375
10,23,106,291,635,54363.97043609619
11,0,135,378,843,93046.57637023926
11,1,106,295,660,54894.549377441406
11,2,134,378,846,93916.29106903076
11,3,135,378,845,93949.1650466919
11,4,135,377,844,94524.40839385986
11,5,107,294,670,55338.928718566895
11,6,107,294,669,55419.34959411621
11,7,107,294,669,55526.475257873535
11,8,135,377,843,96378.46978759766
11,9,135,378,846,96781.35502624512
11,10,135,378,846,97230.53796386719
11,11,107,295,672,55773.58216094971
11,12,135,378,846,98099.51344299316
11,13,107,295,672,55907.25159454346
11,14,135,378,846,99114.40204620361
11,15,107,295,673,55969.09329223633
11,16,134,379,851,99324.54945373535
11,17,107,296,677,54359.1618347168
11,18,107,297,680,54636.09088897705
11,19,134,381,856,95171.84758758545
11,20,134,381,855,91453.4965057373
11,21,107,298,684,56165.1584854126
11,22,107,295,656,56600.658142089844
11,23,134,377,847,87990.49961090088
12,0,133,376,835,88508.50638580322
12,1,107,295,663,56901.41580200195
12,2,106,294,664,56984.6489944458
12,3,106,294,662,57013.31546020508
12,4,132,374,833,89187.97648620605
12,5,106,294,662,57151.52615356445
12,6,106,294,663,57195.035415649414
12,7,132,374,845,89406.8064956665
12,8,132,374,834,89469.1545791626
12,9,106,294,663,57383.1861038208
12,10,133,375,835,89555.61323547363
12,11,106,294,663,57469.86486816406
12,12,133,375,835,89652.24018859863
12,13,133,375,835,89886.35050964355
12,14,132,375,835,90239.25314331055
12,15,106,294,662,58439.89629364014
12,16,106,294,662,58771.288650512695
12,17,133,375,835,91292.08097839355
12,18,132,374,834,91487.97053527832
12,19,106,294,661,59204.72856140137
12,20,133,376,841,91613.76615142822
12,21,106,296,663,59357.073959350586
12,22,133,377,839,91729.89171600342
12,23,106,296,663,59432.139503479004
13,0,133,377,840,91782.75907897949
13,1,106,296,664,59486.608879089355
13,2,106,296,664,59515.31120300293
13,3,133,377,838,91895.59390258789
13,4,133,377,839,91978.1121673584
13,5,106,296,663,59640.384353637695
13,6,106,296,664,59802.21395111084
13,7,133,377,841,92197.50638580322
13,8,106,296,664,59840.990394592285
13,9,133,377,840,92261.6862411499
13,10,133,377,841,92277.98487091064
13,11,133,377,841,92263.72846221924
13,12,106,296,664,59955.34647369385
13,13,133,377,841,92288.90124511719
13,14,106,296,663,59965.321128845215
13,15,106,296,662,60020.02625274658
13,16,106,296,664,60096.01735687256
13,17,133,377,840,92463.78691864014
13,18,106,296,664,60140.966873168945
13,19,133,377,841,92504.42114257812
13,20,106,296,663,60184.1713180542
13,21,133,377,841,92543.51137542725
13,22,106,296,664,60234.37822723389
13,23,133,377,841,92560.58893585205
14,0,133,377,842,92590.30289459229
14,1,133,377,841,92639.42929077148
14,2,106,296,664,60326.12693786621
14,3,133,377,842,92711.81385803223
14,4,106,296,664,60417.997901916504
14,5,133,377,842,92769.32725524902
14,6,106,296,664,60461.987075805664
14,7,133,377,841,92827.79183959961
14,8,106,296,663,60524.61577606201
14,9,133,377,842,92889.55758666992
14,10,122,356,781,92293.11448669434
14,11,133,377,844,92963.00452423096
14,12,106,296,665,60624.56175994873
14,13,133,379,846,93088.92669677734
14,14,106,296,664,60857.283142089844
14,15,133,380,847,91582.61443328857
14,16,106,296,665,62232.04496002197
14,17,133,380,848,93441.80173492432
14,18,106,295,663,62789.686698913574
14,19,135,380,843,94008.09303283691
14,20,134,379,842,94279.4679031372
14,21,106,295,661,63016.41694641113
14,22,106,295,660,63004.565826416016
14,23,134,379,841,95306.3676071167
15,0,134,384,878,95437.30224609375
15,1,134,384,878,95510.99445343018
15,2,134,384,877,95550.26915740967
15,3,117,323,753,63848.16667175293
15,4,106,298,692,63438.48043823242
15,5,134,385,878,95941.66680908203
15,6,135,385,878,96013.7658996582
15,7,107,298,695,63642.12225341797
15,8,135,385,880,96282.38907623291
15,9,106,299,696,63760.04383087158
15,10,106,298,697,63798.3782043457
15,11,106,298,697,63853.781593322754
15,12,134,386,880,100544.09390258789
15,13,106,299,697,62484.37515258789
15,14,106,300,698,61144.80757904053
15,15,134,387,883,98127.73919677734
15,16,134,387,886,98229.1798324585
15,17,107,301,714,59527.75721740723
15,18,135,387,899,98439.33235168457
15,19,108,298,711,59576.32299041748
15,20,136,384,896,98519.2709274292
15,21,108,298,711,59699.19750213623
15,22,136,384,896,98658.69998931885
15,23,108,298,711,59783.339096069336
16,0,108,304,724,59822.63042449951
16,1,108,304,724,59853.6764755249
16,2,137,390,910,98864.32794952393
16,3,109,302,722,59983.496154785156
16,4,138,390,910,99090.413230896
16,5,138,390,912,99138.83227539062
16,6,138,390,912,99174.05834960938
16,7,109,303,723,60289.32809448242
16,8,139,393,914,99281.88018798828
16,9,110,305,724,60366.16767883301
16,10,140,394,913,99351.53017425537
16,11,140,393,910,99240.63107299805
16,12,140,394,915,99392.3655166626
16,13,111,304,722,60496.08787536621
16,14,141,395,914,99485.7354812622
16,15,111,305,723,60558.182220458984
16,16,141,395,915,99569.9002532959
16,17,111,306,728,60722.41951751709
16,18,131,355,824,88066.39406585693
16,19,141,396,913,99722.36251068115
16,20,141,396,913,99980.29204559326
16,21,141,396,913,100317.18235015869
16,22,141,395,911,100534.22943878174
16,23,141,395,911,100591.6774597168
17,0,142,400,973,100615.27558898926
17,1,142,400,973,100690.86808776855
17,2,142,401,978,100738.40843963623
17,3,143,401,976,100740.40837097168
17,4,143,401,978,100796.64012145996
17,5,143,401,948,100813.08197021484
17,6,143,401,948,100849.37297821045
17,7,143,401,949,100830.60067749023
17,8,144,401,950,100896.48210906982
17,9,144,401,959,100927.33015441895
17,10,144,401,957,100986.6118927002
17,11,145,401,958,101049.48664093018
17,12,145,401,958,100794.12678527832
17,13,145,401,959,100134.05339813232
17,14,145,401,958,101243.1247177124
17,15,143,400,958,102805.41999053955
17,16,145,395,954,103690.11894989014
17,17,145,396,956,104243.27665710449
17,18,146,396,955,104344.1847000122
17,19,146,395,952,104446.03193664551
17,20,146,395,952,104524.99950408936
17,21,146,395,952,104656.68095397949
17,22,145,394,951,104964.28351593018
17,23,145,394,951,105093.20709228516
18,0,146,397,962,105420.8171005249
18,1,146,397,962,105289.80904388428
18,2,146,397,962,106264.40393066406
18,3,146,397,962,106356.31747436523
18,4,146,397,961,106385.38874053955
18,5,146,398,963,106494.85585784912
18,6,146,398,964,106884.8794631958
18,7,146,398,964,107479.3929977417
18,8,146,398,965,107897.89836120605
18,9,146,398,965,108251.11473846436
18,10,146,398,966,108611.5738067627
18,11,146,399,969,108777.94491577148
18,12,146,400,970,108832.63105010986
18,13,146,400,970,108905.81755065918
18,14,146,400,967,108960.38873291016
18,15,146,400,967,109005.83967590332
18,16,145,400,966,108980.99488830566
18,17,145,399,963,109006.65076446533
18,18,145,399,963,109071.21212005615
18,19,145,397,961,109082.21714019775
18,20,145,397,961,106148.30685424805
18,21,145,397,961,105212.64799499512
18,22,145,397,961,105174.4045791626
18,23,145,397,961,105141.87586212158
19,0,145,401,973,105167.89772033691
19,1,145,401,973,105233.88802337646
19,2,145,400,972,105209.45259094238
19,3,145,400,971,105264.17057800293
19,4,145,401,973,105229.46697235107
19,5,145,401,973,102872.25651550293
19,6,145,401,973,99767.46885681152
19,7,145,401,973,99078.28771209717
19,8,145,402,974,99104.78918457031
19,9,145,402,974,99112.76475524902
19,10,145,402,974,99130.64266204834
19,11,145,402,974,99181.567527771
19,12,145,402,975,99199.76815032959
19,13,145,401,974,99201.33061218262
19,14,145,401,973,99248.04581451416
19,15,145,401,973,99234.81652832031
19,16,145,401,973,99280.39529418945
19,17,145,401,974,99336.90128326416
19,18,145,401,973,99354.02012634277
19,19,145,401,973,99387.20021057129
19,20,145,401,973,99437.81496429443
19,21,145,402,974,99496.89498138428
19,22,145,402,974,99482.71885681152
19,23,145,402,974,99507.3116531372
20,0,145,402,974,99564.66703033447
20,1,145,402,974,99613.70792388916
20,2,145,402,974,99675.35237121582
20,3,145,402,974,99715.38146972656
20,4,145,401,973,99722.63255310059
20,5,145,401,973,98853.06568908691
20,6,145,401,972,99700.29577636719
20,7,145,401,973,99841.77031707764
20,8,145,401,973,99876.70850372314
20,9,145,401,973,99924.44101715088
20,10,145,401,975,99942.20990753174
20,11,145,401,975,99981.63636779785
20,12,145,401,974,100002.46899414062
20,13,145,401,974,100032.85780334473
20,14,145,401,974,100058.43547058105
20,15,145,401,974,100069.34796905518
20,16,145,401,975,100081.83755493164
20,17,145,400,972,100107.66730499268
20,18,145,401,973,100177.93544006348
20,19,145,401,972,100200.24711608887
20,20,145,401,972,100228.84104156494
20,21,145,402,973,100292.57549285889
20,22,145,402,977,100301.73139190674
20,23,145,402,977,100328.43854522705
21,0,145,402,977,100352.08100891113
21,1,145,402,977,100400.33184051514
21,2,145,402,979,100437.60488128662
21,3,145,402,979,100500.68299102783
21,4,145,402,979,100541.40675354004
21,5,145,402,978,99658.30922698975
21,6,145,403,979,100497.66526031494
21,7,145,401,977,100678.71678161621
21,8,145,402,977,100669.09191131592
21,9,145,401,977,100737.90483093262
21,10,145,401,977,100740.90297698975
21,11,145,401,977,100824.25972747803
21,12,145,401,977,100841.55332183838
21,13,145,401,982,100892.60073852539
21,14,146,401,982,100914.63494873047
21,15,145,401,981,100945.04071807861
21,16,146,401,980,101152.49351501465
21,17,146,401,980,101366.2657546997
21,18,146,400,975,101649.07025909424
21,19,146,400,975,101895.31806945801
21,20,146,400,975,102181.74430084229
21,21,146,400,975,102394.95979309082
21,22,146,400,975,102600.04355621338
21,23,146,400,975,102773.71282196045
22,0,147,405,989,103049.50603485107
22,1,147,405,989,103218.92617034912
22,2,147,405,988,103505.28462982178
22,3,147,405,989,103698.85512542725
22,4,147,405,990,103949.08525085449
22,5,147,405,990,104195.42456817627
22,6,147,407,991,104397.76454925537
22,7,148,408,994,104660.59972381592
22,8,148,409,995,104866.81694030762
22,9,148,410,996,105132.08420562744
22,10,148,411,997,105297.036277771
22,11,148,412,998,105749.99920654297
22,12,148,412,998,105936.02889251709
22,13,148,412,999,106141.38916015625
22,14,148,413,1000,107638.84916687012
22,15,148,412,999,107599.107421875
22,16,148,412,999,107798.00001525879
22,17,148,413,1005,107617.56409454346
22,18,148,414,1010,107947.56394958496
22,19,149,414,1009,108768.854637146
22,20,150,414,1009,109725.38764190674
22,21,150,413,1009,110643.69219207764
22,22,150,413,1007,111436.44011688232
22,23,150,413,1005,112330.00230407715
23,0,150,414,1009,113160.66082763672
23,1,150,414,1007,113983.11952209473
23,2,150,414,1006,114705.96626281738
23,3,150,415,1011,114888.1379776001
23,4,150,415,1011,115123.20417785645
23,5,151,415,1010,115039.51931762695
23,6,151,416,1012,115595.4277420044
23,7,151,416,1012,115789.86633300781
23,8,151,417,1009,115974.14276885986
23,9,152,419,1010,116218.61248016357
23,10,152,420,1011,116418.05049133301
23,11,152,420,1011,116617.72162628174
23,12,152,420,1011,116824.40432739258
23,13,152,421,1015,115393.29209899902
23,14,152,423,1019,111840.03687286377
23,15,152,422,1018,112656.86833190918
23,16,152,422,1020,113657.93229675293
23,17,152,423,1021,114800.97122192383
23,18,153,423,1018,115680.1799697876
23,19,153,423,1016,116201.61882781982
23,20,153,422,1014,116770.95821380615
23,21,153,422,1014,117431.15558624268
23,22,153,422,1013,118185.4953918457
23,23,154,421,1011,118768.92334747314
24,0,155,427,1047,119944.44132995605
24,1,155,427,1047,120701.02705383301
24,2,155,427,1058,121232.8185043335
24,3,155,427,1058,121756.75595092773
24,4,155,426,1057,122301.10527801514
24,5,155,426,1057,122473.58881378174
24,6,156,427,1070,123359.13730621338
24,7,155,427,1069,123864.02825164795
24,8,156,427,1070,124437.37296295166
24,9,155,427,1069,124942.19071960449
24,10,156,427,1069,125498.4169845581
24,11,156,427,1070,126104.58181762695
24,12,156,427,1070,126680.63528442383
24,13,156,428,1070,127242.96327972412
24,14,156,428,1070,127797.34613800049
24,15,156,428,1072,128005.61103820801
24,16,155,428,1068,128186.9345779419
24,17,155,428,1059,128462.48708343506
24,18,155,427,1058,128810.68041992188
24,19,155,427,1056,129228.06539154053
24,20,155,427,1056,129854.39091491699
24,21,156,427,1056,130498.16156768799
24,22,156,427,1056,130874.27722930908
24,23,156,427,1056,131271.34824371338
25,0,156,432,1077,131796.2866897583
25,1,157,432,1075,132146.99894714355
25,2,157,432,1097,132240.27281188965
25,3,157,432,1099,132304.44291687012
25,4,157,432,1100,132374.1354598999
25,5,157,432,1099,132173.74182128906
25,6,157,430,1098,133008.65446472168
25,7,157,430,1097,133358.6739730835
25,8,157,430,1097,133747.74057006836
25,9,157,430,1108,134111.84826660156
25,10,155,423,1100,134423.8547592163
25,11,154,422,1099,134573.64804077148
25,12,154,422,1099,134637.73623657227
25,13,154,422,1099,134733.24156951904
25,14,154,422,1099,134795.33068084717
25,15,154,422,1100,134958.63999176025
25,16,153,422,1110,134845.48317718506
25,17,153,422,1110,135133.50219726562
25,18,153,423,1113,134798.65990447998
25,19,153,423,1113,134914.58254241943
25,20,154,423,1112,134966.13108825684
25,21,152,422,1111,135028.17184448242
25,22,152,422,1107,131794.11330413818
25,23,152,422,1107,129603.54669189453
26,0,153,422,1115,129883.02146911621
26,1,153,422,1114,130076.53898620605
26,2,153,422,1114,130357.3962097168
26,3,153,422,1114,130574.9328918457
26,4,153,422,1113,130846.67388916016
26,5,153,422,1113,130715.61637878418
26,6,153,420,1112,131142.6129989624
26,7,153,419,1110,131203.59172058105
26,8,153,419,1110,131258.60061645508
26,9,153,419,1111,131290.62313079834
26,10,153,419,1111,131357.23012542725
26,11,153,419,1111,131414.76107788086
26,12,153,419,1112,131465.14838409424
26,13,153,419,1111,131535.08502197266
26,14,153,419,1111,131602.90434265137
26,15,153,419,1111,131668.6889038086
26,16,153,419,1112,131720.26737976074
26,17,153,419,1112,131798.71394348145
26,18,153,419,1111,131840.60892486572
26,19,153,420,1112,131897.38508605957
26,20,153,420,1113,131926.16381072998
26,21,153,419,1111,131987.54544067383
26,22,154,419,1110,132047.83631896973
26,23,154,419,1110,132178.10263061523
27,0,154,419,1111,132206.89205169678
27,1,154,419,1111,132209.9476852417
27,2,154,420,1113,132295.33834075928
27,3,154,420,1114,132332.09707641602
27,4,154,419,1112,132423.67302703857
27,5,154,419,1112,132105.0107574463
27,6,154,419,1113,132507.09635925293
27,7,154,419,1112,132554.4062347412
27,8,156,420,1115,132624.24076080322
27,9,156,420,1114,132652.8166656494
27,10,156,419,1114,132706.57093811035
27,11,156,419,1114,132760.2829284668
27,12,156,419,1114,132810.96704101562
27,13,156,420,1115,132873.65474700928
27,14,156,420,1115,132912.68657684326
27,15,157,419,1114,132956.01634979248
27,16,157,419,1114,132998.01762390137
27,17,157,419,1122,133087.09419250488
27,18,157,419,1122,133157.38737487793
27,19,157,420,1123,133253.06185150146
27,20,157,421,1123,133415.82244873047
27,21,157,421,1123,133661.3703918457
27,22,157,421,1123,133793.28913116455
27,23,157,420,1122,133872.33178710938
28,0,157,420,1122,133930.3801422119
28,1,157,419,1121,134315.4517211914
28,2,157,419,1132,134821.75121307373
28,3,157,419,1132,135008.09658813477
28,4,157,419,1134,135118.5249710083
28,5,157,419,1134,134892.39543914795
28,6,157,419,1132,135754.11470794678
28,7,157,419,1122,136053.64247894287
28,8,157,419,1122,136461.5889892578
28,9,157,419,1122,136874.78717041016
28,10,157,420,1123,137276.06172180176
28,11,157,419,1121,137337.53225708008
28,12,157,417,1119,137352.6168899536
28,13,157,417,1119,137381.1269378662
28,14,157,417,1119,137458.26906585693
28,15,157,417,1125,137422.72073364258
28,16,157,417,1125,135459.42808532715
28,17,158,417,1125,132773.90062713623
28,18,159,417,1126,132752.16943359375
28,19,160,417,1126,132520.57780456543
28,20,159,416,1125,130957.4546585083
28,21,159,416,1125,128805.42094421387
28,22,159,416,1125,128832.31454467773
28,23,159,416,1125,128880.33144378662
29,0,160,416,1126,128933.68891906738
29,1,160,416,1125,128954.54962921143
29,2,160,416,1125,129064.73713684082
29,3,160,416,1125,129121.76917266846
29,4,160,417,1126,129165.64781188965
29,5,160,417,1126,128820.99951934814
29,6,160,417,1137,129403.61441802979
29,7,160,417,1148,129553.01279449463
29,8,160,417,1148,129584.05431365967
29,9,160,417,1148,129644.3670501709
29,10,160,417,1148,129702.37845611572
29,11,160,417,1148,129756.36555480957
29,12,161,420,1151,129831.66502380371
29,13,161,421,1154,129867.66574859619
29,14,161,422,1155,129872.01502227783
29,15,161,423,1157,130029.50192260742
29,16,161,423,1157,130528.43202972412
29,17,161,423,1156,130638.55895233154
29,18,161,427,1161,130793.45429992676
29,19,160,426,1159,127121.07746887207
29,20,161,427,1162,123287.51524353027
29,21,162,428,1151,119492.10025024414
29,22,161,428,1151,116137.0712966919
29,23,161,428,1150,112357.43955993652
30,0,162,429,1120,109059.07978820801
30,1,162,429,1112,106012.2905960083
30,2,163,426,1118,105104.1498413086
30,3,163,426,1117,105533.57006072998
30,4,163,426,1117,106044.40293121338
30,5,163,427,1099,106203.66188812256
30,6,163,427,1082,107207.79582977295
30,7,163,427,1082,107716.55187225342
30,8,163,427,1082,108382.3786239624
30,9,163,427,1082,108558.87523651123
30,10,163,428,1083,108758.83248138428
30,11,164,428,1088,108927.74029541016
30,12,164,428,1078,109113.86024475098
30,13,164,428,1078,109236.28771209717
30,14,164,428,1088,109324.69326782227
30,15,165,428,1060,109430.84699249268
30,16,165,426,1061,109833.4026184082
30,17,165,426,1060,110278.2534866333
30,18,165,427,1061,110559.9561843872
30,19,165,428,1063,109505.87637329102
30,20,165,428,1060,109591.17498016357
30,21,165,428,1060,109893.58312225342
30,22,165,427,1059,109901.51412200928
30,23,164,426,1058,109950.06423950195
31,0,165,426,1058,109984.06948852539
31,1,165,426,1054,110026.9351272583
31,2,165,426,1054,110108.84580230713
31,3,165,425,1053,110164.81170654297
31,4,165,425,1053,110209.49576568604
31,5,165,425,1054,109886.35691833496
31,6,165,425,1065,110341.94746398926
31,7,165,425,1068,110337.51961517334
31,8,164,425,1068,110392.2749633789
31,9,164,425,1068,110428.44750213623
31,10,164,425,1058,110735.69970703125
31,11,164,425,1058,111522.76915740967
31,12,164,425,1058,112274.28159332275
31,13,164,425,1057,112480.36749267578
31,14,165,425,1057,112527.22260284424
31,15,166,425,1058,112572.90580749512
31,16,166,425,1057,112618.9760131836
31,17,166,425,1057,112681.2453994751
31,18,166,425,1059,110892.22784423828
31,19,166,425,1060,106603.61912536621
31,20,166,424,1059,102655.1508102417
31,21,166,424,1060,99172.55545806885
31,22,166,423,1059,98612.1100692749
31,23,149,388,949,93676.2834777832
32,0,167,427,1068,98907.17626190186
32,1,167,427,1068,98938.15586853027
32,2,167,428,1068,99006.77449798584
32,3,167,427,1067,98993.93368530273
32,4,167,427,1068,99023.21648406982
32,5,167,427,1068,98710.76181793213
32,6,167,427,1068,99128.0207824707
32,7,167,427,1068,99161.59758758545
32,8,167,427,1068,99214.69960021973
32,9,168,427,1068,99276.23278045654
32,10,168,428,1069,99316.25336456299
32,11,169,428,1069,99375.78413391113
32,12,170,428,1069,99419.20952606201
32,13,170,428,1069,99415.52359771729
32,14,170,428,1069,99437.45901489258
32,15,170,429,1070,99600.14426422119
32,16,171,430,1071,99800.47004699707
32,17,171,430,1071,99640.52035522461
32,18,171,430,1076,99699.30506134033
32,19,171,430,1080,99620.9412765503
32,20,171,430,1082,99548.52749633789
32,21,171,430,1079,100067.77958679199
32,22,171,430,1078,100242.51010131836
32,23,171,430,1078,100560.85540771484
33,0,171,430,1124,100842.76097106934
33,1,171,431,1135,101155.01834106445
33,2,171,431,1124,101501.2852859497
33,3,171,431,1125,101973.54789733887
33,4,171,430,1124,102318.27213287354
33,5,171,430,1123,102252.5287475586
33,6,171,430,1123,102794.24172973633
33,7,171,430,1123,102818.57015991211
33,8,171,430,1122,102905.69147491455
33,9,171,430,1122,102901.09233093262
33,10,171,430,1123,102936.78714752197
33,11,171,430,1123,102966.67959594727
33,12,171,430,1124,103008.05541229248
33,13,171,430,1123,103016.22166442871
33,14,171,430,1123,103047.20742797852
33,15,171,431,1124,103066.31172943115
33,16,171,431,1125,103089.63843536377
33,17,171,431,1135,103112.71656036377
33,18,171,431,1146,103151.0157546997
33,19,171,431,1146,103178.0750579834
33,20,170,430,1145,103219.14231872559
33,21,170,430,1145,103294.12841033936
33,22,170,430,1146,103387.3009109497
33,23,170,430,1146,103609.03646850586
34,0,170,430,1146,103847.50218200684
34,1,170,430,1146,103586.74777984619
34,2,170,430,1146,103832.8578414917
34,3,170,430,1146,103388.96509552002
34,4,170,430,1146,103620.31289672852
34,5,170,430,1146,103474.98421478271
34,6,170,430,1146,104017.08740997314
34,7,170,430,1146,104093.26306915283
34,8,170,430,1146,102898.96988677979
34,9,170,430,1146,102914.62168121338
34,10,170,430,1146,102930.42391204834
34,11,170,430,1146,102992.08235168457
34,12,170,430,1146,103000.75734710693
34,13,170,430,1135,103033.79344940186
34,14,170,430,1135,103084.32005310059
34,15,170,430,1135,103101.40377807617
34,16,170,430,1135,103186.78228759766
34,17,170,431,1137,103262.16255950928
34,18,170,431,1138,103453.82683563232
34,19,170,431,1137,103391.45338439941
34,20,170,431,1137,103449.9658203125
34,21,170,431,1138,103530.026222229
34,22,170,431,1137,103534.57462310791
34,23,170,431,1137,103613.48969268799
35,0,170,432,1139,104502.98899078369
35,1,170,432,1138,105234.22281646729
35,2,170,432,1138,105455.47019958496
35,3,170,432,1138,105556.34033966064
35,4,170,432,1138,104183.62516021729
35,5,170,432,1138,100958.5816040039
35,6,170,432,1138,101394.9584197998
35,7,170,432,1138,101512.19049835205
35,8,170,432,1138,101796.63102722168
35,9,170,432,1138,102005.5874786377
35,10,170,433,1140,102290.31952667236
35,11,171,433,1138,102784.67855072021
35,12,171,433,1138,103264.59128570557
35,13,171,433,1134,103782.41856384277
35,14,171,433,1136,104345.05043792725
35,15,171,433,1136,104657.6252746582
35,16,172,434,1137,104713.9005203247
35,17,172,434,1159,104692.23697662354
35,18,172,435,1164,104905.05391693115
35,19,172,435,1167,105532.68449401855
35,20,172,435,1168,105546.37739562988
35,21,172,436,1169,105697.0004272461
35,22,172,436,1169,105737.3564376831
35,23,172,436,1171,105813.88953399658
36,0,172,436,1171,105901.09926605225
36,1,172,436,1171,105955.04865264893
36,2,172,436,1170,105974.95178222656
36,3,172,437,1172,106044.04208374023
36,4,172,437,1172,106101.784324646
36,5,171,435,1170,105818.12799835205
36,6,171,435,1170,106205.53932952881
36,7,171,435,1171,106282.2053527832
36,8,171,435,1171,106332.6442565918
36,9,171,434,1169,106328.6803894043
36,10,171,434,1170,106383.29847717285
36,11,171,434,1170,106426.06122589111
36,12,171,434,1169,106468.44450378418
36,13,171,434,1169,106447.93325805664
36,14,171,433,1169,106494.44165802002
36,15,171,433,1159,106693.14077758789
36,16,171,435,1161,106989.16931915283
36,17,171,435,1150,107239.42328643799
36,18,171,434,1148,107794.06129455566
36,19,172,434,1148,108261.84098815918
36,20,172,433,1146,108797.4312210083
36,21,172,433,1146,109291.8461227417
36,22,172,433,1146,109585.34928894043
36,23,172,433,1146,110117.5922241211
37,0,172,438,1191,108094.95346832275
37,1,172,438,1191,106988.08977508545
37,2,172,438,1191,107127.92485809326
37,3,172,438,1191,107588.8189239502
37,4,172,438,1191,108050.95330810547
37,5,172,438,1192,108142.52119445801
37,6,172,438,1191,108913.50756835938
37,7,172,438,1202,108944.9369430542
37,8,171,439,1206,107393.97454833984
37,9,171,439,1186,107308.90913391113
37,10,171,439,1197,107354.27730560303
37,11,171,438,1204,107386.54947662354
37,12,171,438,1206,107532.78009033203
37,13,171,437,1183,107771.0818939209
37,14,171,437,1184,107532.51652526855
37,15,171,438,1184,107616.32801055908
37,16,171,438,1173,107680.81298065186
37,17,170,438,1173,108068.41064453125
37,18,170,438,1140,108338.20933532715
37,19,103,245,682,52750.75122833252
37,20,171,441,1111,107636.76567077637
37,21,171,441,1111,107834.95478820801
37,22,171,442,1112,107995.52392578125
37,23,171,442,1110,108249.3744354248
38,0,171,442,1110,108395.20553588867
38,1,171,442,1110,108601.73610687256
38,2,171,442,1111,108958.66119384766
38,3,171,442,1112,109254.8943862915
38,4,171,442,1109,109504.48085021973
38,5,171,442,1109,109479.11992645264
38,6,171,442,1110,110039.4171295166
38,7,171,443,1112,110268.12005615234
38,8,171,443,1110,110437.53918457031
38,9,172,443,1122,109369.24712371826
38,10,172,444,1123,109484.74564361572
38,11,173,444,1123,109502.2342376709
38,12,172,446,1125,109549.73135375977
38,13,172,446,1126,109302.1469116211
38,14,173,446,1126,109652.64178466797
38,15,173,446,1148,109825.01885986328
38,16,173,447,1148,109477.4228515625
38,17,173,449,1161,109622.26822662354
38,18,175,449,1162,109642.33955383301
38,19,174,450,1171,109679.94680023193
38,20,173,450,1168,109700.06503295898
38,21,173,451,1163,109842.30693817139
38,22,174,452,1175,109871.63719177246
38,23,174,452,1175,109912.20696258545
39,0,174,455,1208,110713.45556640625
39,1,174,455,1209,110743.88747406006
39,2,175,455,1208,110810.88844299316
39,3,175,455,1208,110877.1277999878
39,4,175,456,1209,110912.85179138184
39,5,175,456,1209,110654.61001586914
39,6,176,458,1212,111044.06204223633
39,7,176,458,1213,111148.89627075195
39,8,176,458,1216,111265.80293273926
39,9,175,459,1218,111319.2085571289
39,10,175,458,1217,111398.83847808838
39,11,175,458,1217,111487.16330718994
39,12,176,458,1218,111526.1660079956
39,13,174,455,1217,111568.38692474365
39,14,173,456,1217,111621.13123321533
39,15,169,434,1175,109621.94194030762
39,16,174,457,1229,111761.9224319458
39,17,159,423,1110,105379.7498550415
39,18,173,458,1241,111856.46231842041
39,19,173,457,1240,111866.16830444336
39,20,173,457,1240,112035.21360778809
39,21,173,457,1240,112045.45950317383
39,22,172,456,1239,112127.57111358643
39,23,172,456,1239,112249.3024520874
40,0,173,457,1264,112396.04693603516
40,1,173,457,1265,112599.07637786865
40,2,173,457,1276,112848.47811126709
40,3,173,457,1276,112392.36561584473
40,4,173,457,1276,112532.03090667725
40,5,173,457,1276,112349.92308807373
40,6,173,457,1288,112819.23213195801
40,7,173,457,1287,113025.57339477539
40,8,173,457,1287,113126.9006729126
40,9,173,457,1287,113277.60480499268
40,10,173,457,1287,113311.23161315918
40,11,173,457,1287,113320.87989807129
40,12,173,457,1287,113334.28187561035
40,13,173,457,1299,113331.36580657959
40,14,173,457,1298,113361.69400024414
40,15,173,457,1199,113169.83979797363
40,16,173,457,1221,113204.2333908081
40,17,173,457,1212,113228.34869384766
40,18,173,457,1211,113377.49911499023
40,19,173,457,1211,113475.27732849121
40,20,173,457,1211,113626.92812347412
40,21,174,457,1211,113933.41703033447
40,22,174,457,1211,114281.25953674316
40,23,174,457,1211,114564.9880065918
41,0,174,457,1210,114862.31282043457
41,1,174,457,1210,115120.43782806396
41,2,174,457,1211,115388.90209197998
41,3,174,457,1211,115630.30107879639
41,4,174,457,1211,115870.21682739258
41,5,174,457,1211,115810.75034332275
41,6,174,457,1210,116336.58252716064
41,7,174,457,1211,116602.6283569336
41,8,174,457,1210,116812.22360229492
41,9,174,457,1211,117110.6238937378
41,10,174,457,1210,117394.01468658447
41,11,174,457,1211,117623.91396331787
41,12,174,457,1210,117883.56044006348
41,13,174,457,1211,118146.7664642334
41,14,174,457,1211,118377.71515655518
41,15,174,457,1211,118608.90425109863
41,16,174,457,1222,118843.65522003174
41,17,174,457,1222,119066.6110458374
41,18,174,457,1221,119292.22536468506
41,19,174,457,1221,119539.90211486816
41,20,174,457,1221,119733.74277496338
41,21,174,457,1222,119974.18614196777
41,22,174,457,1222,120282.99378967285
41,23,174,457,1221,120526.08693695068
42,0,174,457,1221,120604.19093322754
42,1,174,457,1221,120639.44397735596
42,2,175,457,1232,120662.12929534912
42,3,175,457,1232,120682.0792388916
42,4,175,458,1222,120762.96933746338
42,5,175,459,1223,120460.62921142578
42,6,176,459,1224,120802.22018432617
42,7,176,459,1236,120786.26107025146
42,8,176,459,1235,120815.34223175049
42,9,176,457,1244,120861.85060119629
42,10,176,457,1245,120964.31867980957
42,11,176,457,1247,121086.03672790527
42,12,176,458,1246,121150.86260223389
42,13,176,458,1248,121586.95156860352
42,14,177,460,1251,121408.37477111816
42,15,177,459,1265,120472.52119445801
42,16,178,458,1263,120960.98922729492
42,17,178,459,1266,121434.45217895508
42,18,178,458,1275,122245.83554840088
42,19,179,460,1272,122665.28594207764
42,20,179,460,1272,123087.9213180542
42,21,179,459,1271,123437.7201385498
42,22,179,459,1271,123529.46193695068
42,23,179,459,1271,123592.7508392334
43,0,179,459,1288,121914.12209320068
43,1,179,459,1288,122037.12998199463
43,2,179,459,1288,122666.76641082764
43,3,179,459,1291,123157.94815826416
43,4,179,459,1278,123784.10707092285
43,5,179,459,1279,123916.15131378174
43,6,179,459,1190,124189.41409301758
43,7,178,459,1182,124214.17431640625
43,8,178,460,1172,124198.43185424805
43,9,178,462,1177,124242.49356842041
43,10,178,462,1183,124330.42063903809
43,11,178,462,1184,124384.52620697021
43,12,178,462,1185,123887.45943450928
43,13,179,464,1188,121824.84481811523
43,14,180,464,1185,122189.92178344727
43,15,179,463,1183,122303.18711090088
43,16,179,463,1176,122830.91850280762
43,17,179,463,1176,123503.29210662842
43,18,180,463,1175,124243.74431610107
43,19,180,461,1173,124951.25704956055
43,20,180,461,1173,125700.02151489258
43,21,180,461,1173,124603.74767303467
43,22,180,461,1173,124529.70742797852
43,23,180,461,1173,125508.16365814209
44,0,183,467,1270,126849.02445220947
44,1,184,469,1272,128111.7659072876
44,2,184,468,1272,129382.71044921875
44,3,184,469,1273,130554.29007720947
44,4,184,470,1296,131978.26460266113
44,5,184,470,1265,132524.52925872803
44,6,184,470,1242,133529.49417877197
44,7,184,470,1244,134062.47407531738
44,8,185,470,1243,134519.65978240967
44,9,185,471,1267,135246.3122406006
44,10,185,473,1279,135811.6757659912
44,11,185,473,1256,136473.49698638916
44,12,185,473,1256,137204.48072052002
44,13,185,473,1259,137967.5305709839
44,14,185,475,1250,138620.8074951172
44,15,185,475,1249,139456.0714416504
44,16,185,475,1240,136820.65385437012
44,17,184,475,1261,137121.74105072021
44,18,184,475,1268,136907.1911392212
44,19,184,476,1268,137074.52285766602
44,20,185,475,1266,137362.84162139893
44,21,185,475,1266,137573.00536346436
44,22,185,475,1266,138000.4239654541
44,23,185,475,1266,138468.55239868164
45,0,185,479,1393,139032.66593933105
45,1,185,481,1396,139441.94263458252
45,2,185,481,1395,139995.19915008545
45,3,185,481,1395,140475.2329788208
45,4,185,482,1407,140977.90473937988
45,5,186,482,1408,140948.2878112793
45,6,186,483,1397,141476.21864318848
45,7,186,483,1303,141768.6105041504
45,8,186,484,1326,142075.32291412354
45,9,186,483,1338,142238.3489151001
45,10,186,484,1395,141909.13986206055
45,11,186,484,1383,142138.8214111328
45,12,187,484,1384,142489.2597808838
45,13,187,484,1351,142536.6805343628
45,14,187,485,1351,142458.68578338623
45,15,187,485,1307,142611.43227386475
45,16,187,485,1295,142803.29290771484
45,17,186,485,1262,142993.53426361084
45,18,187,486,1264,143024.0351638794
45,19,129,334,795,81188.49980163574
45,20,187,485,1284,144653.4427871704
45,21,187,485,1254,145986.40939331055
45,22,188,485,1267,145776.01430511475
45,23,187,483,1246,146488.60138702393
46,0,188,485,1319,147114.21752929688
46,1,188,484,1338,147495.4556274414
46,2,188,485,1317,147994.8684616089
46,3,188,484,1314,148335.24019622803
46,4,188,484,1326,148659.40587615967
46,5,188,484,1370,148698.15464019775
46,6,188,484,1234,149403.2014312744
46,7,188,484,1232,149738.6851425171
46,8,188,484,1232,150131.7652130127
46,9,188,485,1266,150457.91817474365
46,10,188,486,1278,149962.6631011963
46,11,188,484,1299,150320.50354003906
46,12,188,484,1256,150895.2574081421
46,13,189,485,1278,150841.2110671997
46,14,189,484,1267,149537.49029541016
46,15,189,484,1291,148695.26622009277
46,16,189,484,1292,148715.35765075684
46,17,189,483,1291,148185.5118560791
46,18,189,484,1316,148359.21800231934
46,19,190,485,1305,148437.79594421387
46,20,190,485,1305,148675.05814361572
46,21,190,485,1294,148821.7407836914
46,22,190,485,1239,148700.4741821289
46,23,190,481,1235,148865.770362854
47,0,191,485,1353,144686.4567642212
47,1,191,485,1341,141335.25679779053
47,2,191,485,1341,137337.13054656982
47,3,191,485,1341,136685.82008361816
47,4,191,485,1332,136753.83535003662
47,5,191,485,1321,136782.84115600586
47,6,191,485,1344,136851.10382843018
47,7,191,485,1343,137084.80078125
47,8,191,485,1343,137533.7968826294
47,9,191,485,1343,137635.73161315918
47,10,191,485,1342,137680.9870376587
47,11,191,485,1342,137754.23040008545
47,12,191,485,1354,138166.52820587158
47,13,191,485,1365,138753.1126022339
47,14,191,485,1365,139275.25926208496
47,15,191,485,1255,139866.99172210693
47,16,191,485,1255,140134.5305633545
47,17,191,485,1266,140745.3438873291
47,18,191,485,1255,141114.15158081055
47,19,191,485,1254,141543.47060394287
47,20,191,485,1266,142395.94229888916
47,21,191,485,1255,142996.2074356079
47,22,191,485,1255,143158.07666015625
47,23,191,485,1266,143236.84855651855
48,0,191,485,1255,143352.1109008789
48,1,191,485,1255,143454.10275268555
48,2,191,485,1255,143010.90823364258
48,3,191,485,1255,143337.76322937012
48,4,191,485,1255,143655.71787261963
48,5,191,485,1255,143801.14513397217
48,6,191,485,1256,143867.03134155273
48,7,191,485,1255,143928.03018188477
48,8,191,485,1266,144017.1191329956
48,9,191,485,1255,144084.01434326172
48,10,191,485,1255,144163.70098876953
48,11,191,485,1266,144229.42306518555
48,12,191,485,1256,144291.9056930542
48,13,191,485,1255,144379.49321746826
48,14,191,485,1266,144443.11680603027
48,15,191,485,1266,144513.57878875732
48,16,191,485,1266,144598.72734069824
48,17,191,485,1266,144673.51699829102
48,18,190,484,1256,144763.23699188232
48,19,190,484,1255,144805.2428894043
48,20,190,484,1256,144685.46102905273
48,21,190,484,1256,142745.93072509766
48,22,190,484,1256,143178.93074035645
48,23,190,485,1257,143474.6477279663
49,0,191,485,1260,143737.55144500732
49,1,190,485,1257,144159.47689056396
49,2,190,485,1258,144569.03211212158
49,3,190,485,1258,145068.50356292725
49,4,190,485,1258,145521.67750549316
49,5,190,485,1258,145890.6415939331
49,6,189,484,1270,146178.1639251709
49,7,189,484,1258,146517.2056274414
49,8,189,484,1258,146833.3102874756
49,9,189,487,1261,147160.015335083
49,10,189,487,1261,147415.90106201172
49,11,189,488,1275,147752.86206817627
49,12,189,488,1275,147973.02989959717
49,13,189,487,1272,147627.57661437988
49,14,189,487,1274,147992.02005767822
49,15,188,488,1251,148303.41883087158
49,16,188,492,1268,148610.24313354492
49,17,168,463,1027,116867.10801696777
49,18,190,491,1259,148597.7396850586
49,19,190,491,1233,147952.39722442627
49,20,190,491,1233,147742.73918914795
49,21,190,490,1232,148097.17475128174
49,22,190,490,1209,148461.46687316895
49,23,189,489,1208,148723.720413208
50,0,190,490,1266,148993.13980865479
50,1,190,490,1281,149069.2912979126
50,2,190,490,1282,149231.8173980713
50,3,190,490,1283,149363.64776611328
50,4,190,490,1252,149565.14102172852
50,5,190,491,1250,150401.88218688965
50,6,190,491,1240,150960.1987991333
50,7,191,493,1245,151477.2480316162
50,8,191,495,1250,151639.14673614502
50,9,191,495,1261,151752.22734832764
50,10,191,496,1239,151732.0062637329
50,11,191,496,1239,151808.64867401123
50,12,191,495,1225,151807.7075881958
50,13,191,495,1221,151796.99751281738
50,14,191,495,1233,151884.7095489502
50,15,191,495,1231,152479.02018737793
50,16,190,495,1231,153726.83599853516
50,17,190,495,1231,154076.90839385986
50,18,190,495,1230,154312.40023040771
50,19,190,494,1227,154644.34120178223
50,20,190,494,1226,154790.28085327148
50,21,192,494,1215,154837.48384094238
50,22,191,494,1215,154897.91339874268
50,23,190,493,1214,155003.94470977783
51,0,192,500,1245,155086.88844299316
51,1,193,500,1243,155160.68297576904
51,2,193,499,1241,155440.3168182373
51,3,193,498,1241,155605.42678833008
51,4,194,498,1240,155733.94442749023
51,5,194,498,1252,155869.8724746704
51,6,194,497,1242,155991.44774627686
51,7,195,499,1245,155969.62631988525
51,8,195,499,1245,155898.22693634033
51,9,195,500,1257,155997.8201904297
51,10,195,500,1257,155719.15294647217
51,11,195,500,1246,155834.64359283447
51,12,196,500,1245,155926.58875274658
51,13,196,502,1237,156040.87465667725
51,14,196,503,1251,156142.88683319092
51,15,197,502,1250,156229.02843475342
51,16,196,502,1249,156308.6813583374
51,17,196,502,1250,156666.48276519775
51,18,197,503,1263,156988.86137390137
51,19,197,503,1262,157253.88497924805
51,20,197,503,1263,158014.89851379395
51,21,197,504,1264,159166.82719421387
51,22,197,503,1263,159239.2844467163
51,23,196,504,1264,159540.59129333496
52,0,196,504,1264,159817.9451828003
52,1,196,504,1276,160609.8299560547
52,2,196,503,1273,162035.59534454346
52,3,196,503,1274,162901.80297088623
52,4,196,503,1274,163704.7882232666
52,5,196,503,1274,164497.0416946411
52,6,196,503,1274,164848.45163726807
52,7,196,502,1273,165332.6563949585
52,8,196,502,1272,165829.90385437012
52,9,197,503,1273,166108.4806137085
52,10,197,501,1291,166366.938331604
52,11,196,501,1302,166662.78568267822
52,12,196,501,1281,166805.21350097656
52,13,196,501,1259,167102.50720977783
52,14,196,501,1259,167614.17908477783
52,15,197,503,1271,168144.85005187988
52,16,198,503,1270,168631.00830841064
52,17,197,504,1272,169137.7917098999
52,18,197,503,1283,169945.19702911377
52,19,197,504,1226,170143.52727508545
52,20,198,504,1240,169840.5258178711
52,21,198,504,1240,170792.92324066162
52,22,199,504,1239,171697.080619812
52,23,198,504,1239,172254.35009002686
53,0,198,506,1285,172539.855758667
53,1,198,506,1285,172657.55923461914
53,2,198,506,1285,172718.53887939453
53,3,198,506,1285,172941.22497558594
53,4,198,506,1286,173145.48976898193
53,5,198,506,1286,173247.4150466919
53,6,198,506,1298,173309.56297302246
53,7,198,506,1287,173439.174369812
53,8,199,506,1287,173552.30060577393
53,9,199,506,1298,173703.18962097168
53,10,199,507,1288,173815.46742248535
53,11,199,507,1288,173910.94808197021
53,12,199,507,1299,173474.9690475464
53,13,199,508,1300,172967.1039505005
53,14,198,508,1301,172992.60223388672
53,15,199,506,1302,173305.66165161133
53,16,199,506,1287,172435.39574432373
53,17,198,506,1293,172816.51083374023
53,18,198,504,1302,172019.43104553223
53,19,198,504,1281,171879.89811706543
53,20,198,504,1302,172085.8659362793
53,21,198,505,1303,172426.84217834473
53,22,198,505,1325,173589.13047027588
53,23,199,507,1340,174493.84391021729
54,0,199,507,1340,175220.52850341797
54,1,199,508,1340,175689.57680511475
54,2,199,509,1341,176324.31552124023
54,3,199,509,1343,176861.40631866455
54,4,200,509,1344,177233.11782073975
54,5,200,510,1345,178544.57930755615
54,6,201,510,1339,179255.72792053223
54,7,201,510,1334,179458.20482635498
54,8,201,510,1334,179623.6604309082
54,9,201,510,1333,179764.97033691406
54,10,201,510,1334,179833.93077850342
54,11,201,510,1333,179968.6222229004
54,12,201,510,1334,180068.12720489502
54,13,201,510,1333,180183.13160705566
54,14,201,510,1345,179742.63416290283
54,15,201,510,1345,180082.38646697998
54,16,201,510,1347,181338.10958099365
54,17,201,510,1345,181861.16889190674
54,18,201,510,1334,181885.04838562012
54,19,201,510,1312,182146.90393066406
54,20,201,510,1312,183164.7765045166
54,21,201,510,1312,183396.52885437012
54,22,201,510,1301,183367.00426483154
54,23,201,510,1301,183368.90622711182
55,0,201,510,1290,183294.4917831421
55,1,201,510,1300,183361.19994354248
55,2,201,510,1291,183503.90092468262
55,3,201,510,1301,183529.39165496826
55,4,201,511,1302,183542.01765441895
55,5,201,511,1291,183571.39010620117
55,6,201,512,1357,183592.33596038818
55,7,202,512,1357,183658.62281036377
55,8,202,512,1380,183677.83443450928
55,9,202,512,1370,183711.5319290161
55,10,202,513,1371,183709.9075088501
55,11,202,513,1369,183890.68782806396
55,12,202,513,1381,183932.02336120605
55,13,202,513,1372,183981.19483947754
55,14,202,513,1370,184037.46530151367
55,15,202,513,1369,184117.33251190186
55,16,202,513,1382,184258.44032287598
55,17,202,513,1370,184297.38207244873
55,18,202,513,1376,184350.53029632568
55,19,202,513,1393,184375.49825286865
55,20,202,513,1403,184335.55973815918
55,21,202,513,1416,184404.93026733398
55,22,202,512,1424,184599.9748840332
55,23,202,512,1427,184698.9289703369
56,0,202,513,1438,184833.11460113525
56,1,202,513,1448,184506.20851898193
56,2,202,513,1437,184889.92893218994
56,3,202,513,1449,184878.59908294678
56,4,203,513,1460,184934.6291885376
56,5,203,513,1461,185040.71877288818
56,6,203,514,1494,185119.5118560791
56,7,203,514,1471,185248.29643249512
56,8,203,514,1471,185359.80743408203
56,9,203,513,1484,185641.26802062988
56,10,203,514,1473,185795.5327911377
56,11,203,513,1473,185964.3582458496
56,12,203,513,1474,186073.58203125
56,13,203,513,1483,186240.21863555908
56,14,203,514,1482,186294.68017578125
56,15,203,514,1471,185242.8454437256
56,16,203,514,1473,185322.42043304443
56,17,204,515,1498,185407.62390899658
56,18,204,515,1510,185560.6914138794
56,19,204,515,1533,185940.2314453125
56,20,205,515,1540,186279.2096786499
56,21,205,517,1577,186640.8740234375
56,22,206,517,1599,187186.99684143066
56,23,206,518,1601,187789.94331359863
57,0,206,518,1599,187907.24404144287
57,1,206,518,1601,187977.18157196045
57,2,206,518,1600,188185.7389678955
57,3,206,518,1622,188370.13688659668
57,4,206,518,1643,188464.39601898193
57,5,206,518,1665,188046.44216918945
57,6,206,516,1690,188138.31358337402
57,7,206,516,1690,188220.25151062012
57,8,207,516,1679,186165.4900817871
57,9,207,516,1669,186226.66422271729
57,10,207,516,1669,186305.15872955322
57,11,207,516,1561,186909.36669158936
57,12,207,517,1564,187166.23677825928
57,13,183,488,1173,152892.43463134766
57,14,207,516,1541,186731.48321533203
57,15,207,517,1558,187181.17385101318
57,16,208,517,1559,187377.36099243164
57,17,208,518,1559,187539.84033966064
57,18,208,520,1572,187072.56929779053
57,19,208,529,1597,186957.30040740967
57,20,208,533,1600,187004.49760437012
57,21,210,535,1614,187176.30814361572
57,22,211,535,1603,187783.86053466797
57,23,211,536,1617,188806.1536178589
58,0,211,536,1622,189084.4397125244
58,1,211,536,1658,189248.86431121826
58,2,210,522,1640,189541.93530273438
58,3,210,522,1641,189706.60396575928
58,4,210,522,1640,189955.0530319214
58,5,211,522,1639,190032.1923751831
58,6,211,522,1640,190154.8045501709
58,7,211,522,1651,190165.38621520996
58,8,211,522,1652,190290.42711639404
58,9,211,522,1653,190366.44631958008
58,10,211,522,1652,190459.3967819214
58,11,211,522,1650,190613.05084991455
58,12,212,523,1673,190751.31217956543
58,13,213,523,1695,190814.19312286377
58,14,213,523,1708,191151.1380996704
58,15,213,523,1729,191543.61392211914
58,16,213,523,1729,191429.4201889038
58,17,212,522,1662,181340.36079406738
58,18,212,521,1625,181469.5112838745
58,19,211,520,1535,181008.70587158203
58,20,212,521,1625,181587.30725860596
58,21,213,521,1625,181621.17512512207
58,22,213,521,1625,181625.50635528564
58,23,213,521,1625,181749.82245635986
59,0,215,523,1734,182053.84618377686
59,1,215,523,1734,182144.02799987793
59,2,215,523,1723,182226.70515441895
59,3,215,523,1723,182369.19758605957
59,4,215,523,1710,182519.63078308105
59,5,215,524,1711,182557.26971435547
59,6,216,524,1689,182678.93907928467
59,7,217,524,1613,183746.72772216797
59,8,217,524,1599,181348.63417816162
59,9,217,525,1600,181326.86602783203
59,10,218,526,1610,181497.3949661255
59,11,218,525,1573,181388.93561553955
59,12,218,526,1563,181413.39517211914
59,13,218,525,1571,181762.96425628662
59,14,217,527,1573,182098.24548339844
59,15,218,527,1584,182594.19960021973
59,16,217,528,1586,182915.20959472656
59,17,216,525,1586,183445.85083770752
59,18,219,526,1586,183858.3950805664
59,19,219,526,1589,184064.0402984619
59,20,219,526,1610,184468.2710647583
59,21,220,527,1611,184977.9712600708
59,22,220,527,1611,185591.0516357422
59,23,220,527,1611,185765.7342529297
60,0,222,529,1616,186243.25730133057
60,1,221,529,1618,186454.42868804932
60,2,222,528,1618,186551.28727722168
60,3,222,528,1616,186940.31029510498
60,4,221,528,1618,186803.79989624023
60,5,221,528,1618,186984.4443206787
60,6,221,528,1623,187109.6925048828
60,7,221,528,1623,187515.04139709473
60,8,220,527,1611,187381.60249328613
60,9,221,528,1613,187841.2652053833
60,10,221,528,1610,188201.09746551514
60,11,221,528,1624,188748.40724945068
60,12,221,530,1664,189105.87954711914
60,13,221,530,1655,188797.50959777832
60,14,221,530,1658,187613.30995941162
60,15,221,530,1669,187776.28231811523
60,16,221,531,1683,187842.1976699829
60,17,221,531,1694,187943.6199798584
60,18,220,531,1702,187972.3928375244
60,19,220,533,1760,188338.2802734375
60,20,221,533,1749,188550.70431518555
60,21,221,535,1763,188842.31198120117
60,22,221,534,1771,189118.7901687622
60,23,221,533,1770,189532.96479797363
61,0,223,535,1816,190136.44245147705
61,1,223,534,1825,190425.90715789795
61,2,223,533,1836,190719.4933013916
61,3,223,531,1823,191160.59770202637
61,4,223,531,1823,191516.8229675293
61,5,223,531,1823,191758.31128692627
61,6,223,531,1825,192165.2304534912
61,7,223,531,1823,192637.142036438
61,8,223,531,1823,192920.02633666992
61,9,223,531,1823,193182.8011856079
61,10,223,531,1823,193452.5848083496
61,11,223,531,1823,193690.50868225098
61,12,223,531,1834,193967.30405426025
61,13,223,531,1834,194279.31770324707
61,14,223,532,1835,194519.00798034668
61,15,223,532,1846,194704.81414794922
61,16,223,532,1835,194952.62632751465
61,17,223,532,1824,195217.16242980957
61,18,223,532,1835,195474.10443115234
61,19,223,532,1835,195738.87465667725
61,20,223,532,1824,196106.63646697998
61,21,223,532,1834,196388.56873321533
61,22,223,532,1834,196428.66526031494
61,23,223,532,1823,196539.6692047119
62,0,223,532,1823,197794.0334777832
62,1,223,532,1823,198033.28694152832
62,2,223,532,1823,198079.72483825684
62,3,223,532,1834,198169.61142730713
62,4,223,532,1834,198195.98656463623
62,5,223,532,1823,198212.66786956787
62,6,223,532,1823,198263.31687164307
62,7,223,532,1823,198255.37004852295
62,8,223,532,1823,198301.67218780518
62,9,223,532,1824,198310.8291015625
62,10,223,532,1823,198362.4707183838
62,11,223,532,1823,198383.24802398682
62,12,223,532,1834,198371.0587310791
62,13,223,532,1836,198434.32494354248
62,14,223,532,1836,198446.85231018066
62,15,223,532,1843,198505.23922729492
62,16,223,532,1876,198511.1289138794
62,17,223,532,1870,198532.35604858398
62,18,223,532,1869,198532.47123718262
62,19,224,532,1869,198534.77866363525
62,20,224,532,1869,198559.0999069214
62,21,224,532,1871,198650.9119720459
62,22,224,531,1868,198817.67208862305
62,23,224,531,1868,198950.32940673828
63,0,224,531,1868,199070.63622283936
63,1,224,531,1868,199099.3060913086
63,2,224,531,1868,199171.8064956665
63,3,224,531,1868,199253.1287689209
63,4,224,531,1868,199306.04195404053
63,5,224,531,1868,199296.14963531494
63,6,224,531,1867,199331.1697921753
63,7,224,531,1867,199396.0955810547
63,8,224,533,1891,199428.5311203003
63,9,224,533,1890,199436.1259841919
63,10,224,533,1891,199519.7271347046
63,11,224,533,1891,199503.7690963745
63,12,224,533,1912,199576.85246276855
63,13,224,532,1927,199490.10523986816
63,14,224,533,1930,199478.947555542
63,15,224,533,1930,199538.8524017334
63,16,224,533,1930,199516.67181396484
63,17,225,534,1942,199557.66960144043
63,18,225,534,1931,199593.8232574463
63,19,225,535,1932,199631.01428985596
63,20,225,535,1944,199707.45441436768
63,21,224,533,1941,199844.42763519287
63,22,224,533,1930,199799.75582122803
63,23,224,533,1930,199994.05435943604
64,0,224,533,1942,200090.43725585938
64,1,224,533,1942,200203.91621398926
64,2,223,532,1938,198354.9737854004
64,3,223,532,1927,198471.26930236816
64,4,224,533,1939,198516.52098083496
64,5,224,533,1939,198533.01712799072
64,6,224,533,1928,198599.49313354492
64,7,224,533,1929,198633.37984466553
64,8,224,533,1928,198679.96402740479
64,9,224,533,1929,198707.17882537842
64,10,224,534,1941,198776.51956176758
64,11,224,534,1964,198780.7276687622
64,12,224,534,1975,198838.38694000244
64,13,224,534,1964,198895.8712158203
64,14,225,533,1942,198910.4372329712
64,15,226,533,1941,198950.8875427246
64,16,226,533,1954,196285.41762542725
64,17,227,535,1946,195896.31735229492
64,18,227,535,1928,194358.91500091553
64,19,227,535,1950,193162.1515045166
64,20,226,535,1972,193521.02813720703
64,21,226,535,1972,193883.39263153076
64,22,226,535,1972,194138.54425811768
64,23,226,535,1972,194782.99990081787
65,0,226,535,1996,195252.13704681396
65,1,226,535,1986,195640.87310028076
65,2,226,535,1997,195978.7261276245
65,3,225,535,2016,197206.0947341919
65,4,225,535,2017,198348.46825408936
65,5,225,535,2027,199029.83852386475
65,6,225,535,2028,198923.62702178955
65,7,225,535,2028,198719.55657196045
65,8,219,520,1970,195217.4426498413
65,9,225,537,1998,199454.01797485352
65,10,225,538,1995,199637.96988677979
65,11,226,538,1985,199776.182762146
65,12,226,538,1985,199804.70219421387
65,13,228,538,2019,199900.54685211182
65,14,228,538,2031,200640.82386779785
65,15,228,538,2029,201682.27437591553
65,16,228,538,2018,201864.67697143555
65,17,228,539,2030,202066.45120239258
65,18,228,538,2029,202761.40119171143
65,19,228,538,2029,203025.76918792725
65,20,228,538,2018,203197.11721801758
65,21,228,538,2017,203467.52562713623
65,22,228,538,2017,203963.42360687256
65,23,228,538,2017,204563.0112991333
66,0,228,538,2108,204930.66064453125
66,1,228,538,2100,205217.70936584473
66,2,228,538,2100,205484.8980102539
66,3,228,539,2113,205845.01001739502
66,4,228,539,2134,206204.84699249268
66,5,227,538,2132,202763.26400756836
66,6,228,538,2120,202627.19174957275
66,7,228,538,2109,202406.08015441895
66,8,228,538,2110,202694.9356765747
66,9,228,538,2109,202539.5286026001
66,10,228,538,2110,202790.43312072754
66,11,229,538,2122,203111.6204071045
66,12,229,538,2088,203402.881690979
66,13,229,538,2059,203714.1064376831
66,14,230,538,2066,204006.77006530762
66,15,230,538,2062,204081.73765563965
66,16,230,539,2060,204251.1113357544
66,17,230,538,1960,204286.4821548462
66,18,229,541,1966,204413.98788452148
66,19,230,542,1976,204446.806640625
66,20,230,542,1989,204384.99868774414
66,21,230,542,1989,204559.0322189331
66,22,230,542,2011,204641.52030944824
66,23,231,542,2011,204862.4679031372
67,0,231,543,2045,204937.13473510742
67,1,232,544,2047,204981.33961486816
67,2,232,544,2047,205133.8950958252
67,3,232,544,2036,205426.34293365479
67,4,232,545,2038,205492.7236175537
67,5,232,545,2060,205363.15655517578
67,6,232,545,2029,205291.09311676025
67,7,231,545,2015,205405.45217132568
67,8,232,546,2024,205601.81132507324
67,9,232,547,2012,205432.64966583252
67,10,232,548,1954,205008.4861755371
67,11,232,549,1932,205125.58994293213
67,12,232,550,1947,205188.64906311035
67,13,231,550,1947,205402.72607421875
67,14,230,549,1935,204101.6838607788
67,15,230,548,1947,203149.53099822998
67,16,229,548,1945,203205.44442749023
67,17,229,547,1939,203428.23594665527
67,18,229,547,1939,203542.5238418579
67,19,229,547,1939,203600.65044403076
67,20,230,547,1928,203579.91525268555
67,21,229,546,1927,203685.2024307251
67,22,229,546,1927,203723.2785949707
67,23,229,546,1927,203942.7317352295
68,0,232,549,2098,204054.01039886475
68,1,232,550,2100,204195.72773742676
68,2,232,550,2098,204287.45323181152
68,3,232,550,2099,204457.4909439087
68,4,232,550,2103,204514.43868255615
68,5,232,550,2098,204427.3098678589
68,6,232,550,2100,204466.63581085205
68,7,232,550,2099,204583.4994354248
68,8,232,550,2110,204639.38620758057
68,9,232,551,2122,204714.33921813965
68,10,232,551,2113,204939.69025421143
68,11,232,551,2113,204924.56838226318
68,12,232,551,2112,205061.786567688
68,13,232,551,2113,205215.53900909424
68,14,232,551,2112,205289.65559387207
68,15,232,551,2124,205351.13038635254
68,16,232,551,2124,205404.8348083496
68,17,232,551,2113,205502.79643249512
68,18,232,551,2113,205479.00231933594
68,19,232,551,2123,205536.43979644775
68,20,232,551,2113,205573.13037872314
68,21,232,551,2102,205650.63150787354
68,22,232,551,2101,205702.39902496338
68,23,232,551,2112,205920.01815795898
69,0,232,551,2068,205876.32905578613
69,1,232,551,2090,205968.08374023438
69,2,232,551,2079,205848.34090423584
69,3,232,551,2079,205974.2377166748
69,4,232,551,2080,206024.90173339844
69,5,232,551,2079,206144.3118057251
69,6,232,551,2079,206295.09058380127
69,7,232,551,2079,206348.4137802124
69,8,232,551,2079,206394.653465271
69,9,232,551,2079,205799.00983428955
69,10,232,551,2079,206426.43377685547
69,11,232,551,2079,206487.75560760498
69,12,232,551,1947,206538.9991760254
69,13,232,551,1892,206351.55937194824
69,14,232,551,1837,206377.3597793579
69,15,232,552,1860,206415.56496429443
69,16,232,552,1860,206451.73027038574
69,17,232,552,1838,206445.26223754883
69,18,232,552,1849,206469.84162139893
69,19,232,552,1838,206502.76448822021
69,20,232,552,1840,206518.81247711182
69,21,232,552,1840,206544.3274383545
69,22,232,552,1830,206421.73317718506
69,23,232,552,1839,206527.8377609253
70,0,232,552,1853,206588.084815979
70,1,231,552,1851,206598.17560577393
70,2,232,552,1851,206158.67346191406
70,3,232,552,1851,207423.26014709473
70,4,232,551,1850,207448.3345336914
70,5,232,551,1850,207187.6092224121
70,6,232,551,1861,207019.48846435547
70,7,232,551,1850,207158.50798797607
70,8,232,551,1872,207176.5087890625
70,9,232,550,1882,207187.10369873047
70,10,232,551,1872,207355.6767425537
70,11,232,551,1884,207612.8086013794
70,12,233,551,1884,207709.01905059814
70,13,233,551,1864,207669.24293518066
70,14,233,552,1884,203920.54635620117
70,15,233,553,1877,203008.40063476562
70,16,233,554,1900,201201.19844055176
70,17,232,552,1878,198816.26110839844
70,18,232,553,1888,198896.26342773438
70,19,232,553,1889,199365.20314788818
70,20,231,552,1886,199694.3547897339
70,21,231,552,1864,199816.0749359131
70,22,231,552,1843,200223.96111297607
70,23,231,552,1832,200707.75843048096
71,0,234,556,1881,201268.1738204956
71,1,234,556,1892,201785.45111846924
71,2,234,556,1892,201950.43627929688
71,3,236,557,1893,202172.76166534424
71,4,236,557,1892,202233.5867614746
71,5,235,557,1904,202209.74255371094
71,6,235,558,1895,202239.34726715088
71,7,236,558,1925,202281.46704101562
71,8,237,560,1925,202246.58444976807
71,9,237,559,1888,202267.0443649292
71,10,238,562,1902,202468.19216156006
71,11,238,560,1900,202808.1475830078
71,12,238,562,1893,203030.87928009033
71,13,238,561,1893,203110.06858062744
71,14,239,561,1895,203242.05614471436
71,15,239,561,1896,203390.09000396729
71,16,239,561,1901,203600.2585296631
71,17,240,561,1921,203796.57215881348
71,18,241,562,1943,203931.55908966064
71,19,241,562,1955,203612.90599822998
71,20,239,560,1959,203625.50421142578
71,21,239,560,1950,202895.1862411499
71,22,240,561,1952,203026.16220855713
71,23,240,561,1951,203427.33373260498
72,0,240,562,2007,203668.61277770996
72,1,240,563,2018,204025.74423980713
72,2,240,563,2007,204516.39305114746
72,3,240,564,2008,204668.21366119385
72,4,240,564,2009,204770.81616210938
72,5,240,564,2020,204585.52592468262
72,6,240,563,2021,204579.00862884521
72,7,240,563,2029,204653.37126922607
72,8,241,564,2031,204844.07382202148
72,9,241,564,2044,205003.97763824463
72,10,241,562,2043,205181.62899017334
72,11,241,562,2043,205420.90670013428
72,12,242,563,2042,206094.7617263794
72,13,242,564,2050,206464.27736663818
72,14,242,564,2058,206640.6247024536
72,15,243,566,2086,206721.56202697754
72,16,241,567,2081,207005.29851531982
72,17,241,569,2048,207547.1258239746
72,18,241,568,2022,208083.09073638916
72,19,241,570,2067,209510.07955169678
72,20,241,571,2077,210920.98850250244
72,21,243,571,2106,211479.84186553955
72,22,244,572,2108,211524.4902420044
72,23,244,572,2088,211838.02445983887
73,0,244,572,2115,212045.97230529785
73,1,244,572,2114,212349.89016723633
73,2,244,571,2090,212347.91706085205
73,3,244,571,2090,212278.9013671875
73,4,244,571,2101,212342.67293548584
73,5,243,571,2101,212298.16008758545
73,6,244,571,2113,212407.18296813965
73,7,244,571,2026,212386.97301483154
73,8,245,572,2028,212362.45139312744
73,9,247,573,2030,212772.0358428955
73,10,247,574,2031,212898.7660598755
73,11,247,574,2021,213041.7987060547
73,12,246,575,2034,213121.3072128296
73,13,247,576,2035,211899.79652404785
73,14,247,575,2036,211994.4531402588
73,15,246,574,2034,211883.32135772705
73,16,246,573,2039,211941.94924926758
73,17,246,574,2055,212048.41984558105
73,18,246,574,2046,212332.46530151367
73,19,245,576,2045,209030.6071548462
73,20,245,576,2045,206903.66171264648
73,21,245,576,2054,205496.95458984375
73,22,245,576,2061,201468.29192352295
73,23,245,576,2063,199259.21880340576
74,0,245,576,2074,199476.3239593506
74,1,245,575,2082,199643.8425140381
74,2,244,573,2079,199694.17720031738
74,3,244,573,2079,199884.54458618164
74,4,244,573,2098,199894.88578033447
74,5,244,573,2109,199995.14627838135
74,6,244,573,2090,200050.09140014648
74,7,243,573,2042,199984.01251220703
74,8,244,574,2067,200020.34902954102
74,9,244,575,2079,200482.4294204712
74,10,245,576,2071,200497.94513702393
74,11,245,576,2070,200756.60093688965
74,12,245,576,2061,200485.85236358643
74,13,245,577,2053,200555.49215698242
74,14,244,577,1992,200513.66902160645
74,15,243,576,1942,200345.14351654053
74,16,243,576,1956,200318.09966278076
74,17,243,574,1883,200239.2937927246
74,18,243,573,1882,200302.9152984619
74,19,243,573,1871,200347.2311706543
74,20,243,572,1869,201182.19026947021
74,21,243,571,1858,201499.18616485596
74,22,243,571,1858,201353.52899169922
74,23,243,571,1858,201628.07234954834
75,0,243,577,2012,202402.56936645508
75,1,243,576,2022,202908.38137817383
75,2,243,577,2033,203128.1342086792
75,3,243,577,2054,202665.31982421875
75,4,243,577,2053,202777.9136505127
75,5,243,577,2062,203222.2901763916
75,6,243,577,2063,202042.97581481934
75,7,243,577,2071,200633.75997924805
75,8,243,577,2072,200707.98695373535
75,9,243,577,2072,200593.05876159668
75,10,243,577,2073,200876.43550872803
75,11,243,577,2084,201273.47339630127
75,12,243,577,2083,201445.17417907715
75,13,243,577,2082,201281.41834259033
75,14,243,577,2083,201589.26736450195
75,15,243,577,2082,201687.2397994995
75,16,243,577,2083,201960.0464553833
75,17,243,577,2082,202383.94429779053
75,18,243,577,2082,202803.74306488037
75,19,243,577,2094,203227.098487854
75,20,243,577,2062,203203.433883667
75,21,243,577,2081,203535.56968688965
75,22,243,577,2080,203875.24293518066
75,23,243,577,2090,204424.24840545654
76,0,243,577,2090,204557.10682678223
76,1,243,577,2101,204891.77243041992
76,2,243,577,2101,204958.81562805176
76,3,243,577,2102,205336.20267486572
76,4,243,577,2112,205529.78424072266
76,5,243,577,2111,205682.66163635254
76,6,243,577,2103,205746.16619873047
76,7,243,577,2113,205850.9024887085
76,8,242,576,2112,204515.6177368164
76,9,242,576,2113,204392.6571044922
76,10,242,576,2114,204290.78182983398
76,11,242,576,2103,204282.2525177002
76,12,242,576,2103,204390.92860412598
76,13,242,576,2104,204206.521484375
76,14,242,576,2104,204376.3893814087
76,15,242,576,2104,204432.7259979248
76,16,242,575,2105,204531.5500793457
76,17,242,576,2104,204715.09330749512
76,18,242,576,2090,204938.34187316895
76,19,242,576,2064,204940.64127349854
76,20,242,576,2044,205155.11408233643
76,21,242,576,2055,205321.68784332275
76,22,242,576,2056,205543.96966552734
76,23,242,576,2065,206181.7445602417
77,0,242,576,2075,206373.48414611816
77,1,242,576,2085,204815.36736297607
77,2,242,576,2085,204747.7791595459
77,3,242,577,2086,205681.4818496704
77,4,242,577,2087,206113.71894073486
77,5,242,577,2088,206480.4365081787
77,6,242,577,1935,205796.43184661865
77,7,242,577,1945,205998.01151275635
77,8,242,577,1947,206164.1472015381
77,9,242,577,1947,206055.7260055542
77,10,242,577,1969,205976.91178894043
77,11,242,577,1980,206115.142578125
77,12,242,577,1990,206061.39943695068
77,13,242,577,1990,206033.74941253662
77,14,241,577,1987,205850.68560791016
77,15,241,578,1988,205411.70735931396
77,16,241,578,1988,205545.62508392334
77,17,240,578,2000,205639.72257232666
77,18,240,577,1998,205384.6053466797
77,19,241,578,1998,205803.9309234619
77,20,241,579,2018,206428.8730392456
77,21,241,580,2019,206886.32682037354
77,22,242,580,2019,207391.9835510254
77,23,242,579,2018,208446.34288787842
78,0,242,580,2060,209123.54834747314
78,1,243,581,2021,209646.88877868652
78,2,243,581,1991,209966.4482269287
78,3,243,582,2012,210575.28058624268
78,4,243,582,2012,211078.85761260986
78,5,242,581,2010,211622.3645477295
78,6,242,582,2066,211870.5450592041
78,7,243,583,2090,212269.88205718994
78,8,243,582,2090,212577.2748184204
78,9,242,581,2096,212796.25218963623
78,10,242,582,2068,212993.20442962646
78,11,242,584,2077,212927.42207336426
78,12,243,584,2077,213332.22874450684
78,13,243,584,2090,213401.32411956787
78,14,243,583,2020,212304.99710083008
78,15,243,583,2009,211269.92073059082
78,16,244,583,2009,211173.90348815918
78,17,244,583,2039,211380.5316543579
78,18,244,588,2055,211343.41130065918
78,19,216,550,1642,169151.96477508545
78,20,244,588,2095,212273.4663848877
78,21,243,587,2114,212570.13903808594
78,22,243,587,2083,212717.3249053955
78,23,243,587,1920,212906.0644607544
79,0,244,589,1991,212282.15420532227
79,1,244,589,2013,212902.23432159424
79,2,243,589,2037,213367.32694244385
79,3,244,589,2049,214026.4068069458
79,4,245,590,2047,213970.47453308105
79,5,245,590,2058,214873.9437637329
79,6,245,590,2082,215183.70268249512
79,7,245,590,2002,215263.69199371338
79,8,245,590,2046,216548.43634796143
79,9,245,590,2081,215493.06827545166
79,10,246,594,2108,215996.3923187256
79,11,247,596,2026,216577.10781860352
79,12,247,596,1854,219078.80754852295
79,13,216,520,1672,208489.6047821045
79,14,248,596,1857,219322.34321594238
79,15,248,597,1862,219634.4188079834
79,16,249,598,1867,220287.7601852417
79,17,245,594,1815,219146.38175964355
79,18,249,598,1944,221104.1132888794
79,19,250,598,1993,229649.37314605713
79,20,250,598,1956,222031.38049316406
79,21,250,597,1919,222409.3330230713
79,22,251,597,1934,230465.8731842041
79,23,251,597,1905,227207.11030578613
80,0,1,1,1982,224279.80716705322
80,1,1,1,1956,224722.34182739258
80,2,1,1,1968,224900.08318328857
80,3,1,1,1955,224632.7264099121
80,4,1,1,1931,224666.88772583008
80,5,1,1,1950,222834.00051879883
80,6,1,1,2002,223092.20544433594
80,7,1,1,1853,223728.32849884033
80,8,1,1,1883,224015.97281646729
80,9,1,1,1909,223215.66510772705
80,10,1,1,1888,223624.0505142212
80,11,1,1,1989,224423.7756729126
80,12,1,1,1872,224867.98456573486
80,13,1,1,1894,225624.65560150146
80,14,1,1,1546,181501.47281646729
80,15,1,1,1755,202969.45544433594
80,16,1,1,1752,225007.1731262207
80,17,1,1,1757,225058.74201202393
80,18,1,1,1743,225587.425239563
80,19,1,1,1739,225605.61128234863
80,20,1,1,1766,225582.84844207764
80,21,1,1,1773,225831.77408599854
80,22,1,1,1779,225930.46389007568
80,23,1,1,1774,226067.6392440796
81,0,254,597,1784,227344.8125
81,1,255,598,1783,227461.18817138672
81,2,255,598,1798,227275.66467285156
81,3,255,599,1806,228965.68494415283
81,4,255,599,1813,230039.81156921387
81,5,255,599,1830,230127.50374603271
81,6,254,598,1846,230313.0855026245
81,7,254,598,1829,230500.23474884033
81,8,254,598,1858,230708.89811706543
81,9,255,598,1835,230888.60005950928
81,10,256,599,1887,231760.14525604248
81,11,256,600,1869,232009.9728088379
81,12,256,598,1861,232618.94758605957
81,13,230,560,1486,188484.070602417
81,14,228,520,1670,208452.68558502197
81,15,228,520,1692,208692.76976013184
81,16,190,441,1207,157913.15810394287
81,17,231,560,1510,190127.63886260986
81,18,228,520,1689,208209.01418304443
81,19,231,560,1509,190271.40830993652
81,20,258,600,1931,235431.14791107178
81,21,258,599,1958,236665.62227630615
81,22,258,598,1951,236422.70161437988
81,23,258,598,1940,237110.09650421143
82,0,258,598,1932,237368.73791503906
82,1,258,598,1939,238406.0552520752
82,2,258,599,1951,238509.9234085083
82,3,259,599,1941,239292.22117614746
82,4,259,599,1963,240889.08156585693
82,5,259,599,1943,241244.11507415771
82,6,259,599,1941,241827.4602584839
82,7,259,599,1951,242359.20668029785
82,8,259,599,1952,242578.9550933838
82,9,259,599,1965,242974.20248413086
82,10,259,599,1992,243820.2043991089
82,11,258,599,1956,244191.84159851074
82,12,258,599,1927,245066.6192626953
82,13,258,599,1939,245199.20818328857
82,14,258,599,1959,245282.31604003906
82,15,258,600,1942,245774.9264907837
82,16,258,600,1946,245878.53931427002
82,17,258,600,1952,246195.57275390625
82,18,258,600,1939,246573.73181915283
82,19,258,600,1939,246742.96940612793
82,20,258,600,1950,247638.22243499756
82,21,258,600,1948,248966.30630493164
82,22,258,599,1939,249223.02976989746
82,23,258,599,1949,250527.52519226074
83,0,258,599,1943,251182.64163970947
83,1,258,599,1938,253002.65829467773
83,2,258,599,1949,253274.85389709473
83,3,258,599,1939,254383.38260650635
83,4,258,599,1939,255663.4896621704
83,5,258,599,1948,255974.7228012085
83,6,258,599,1950,256596.05757141113
83,7,258,599,1938,257162.90684509277
83,8,258,599,1949,257405.9738922119
83,9,258,599,1939,257859.39428710938
83,10,258,599,1939,258374.434715271
83,11,258,599,1956,258747.98345947266
83,12,258,599,1938,259138.2372970581
83,13,258,599,1938,259686.5673904419
83,14,258,599,1950,260001.9130935669
83,15,258,599,1939,259731.5399169922
83,16,258,599,1938,259998.41226959229
83,17,258,599,1958,260652.2978363037
83,18,258,599,1939,261356.86043548584
83,19,258,599,1950,266064.0062942505
83,20,259,600,1949,262200.4206314087
83,21,259,600,1939,262649.685295105
83,22,259,600,1949,262895.20935058594
83,23,259,600,1950,263826.340423584
84,0,259,600,1940,264195.8990325928
84,1,259,600,1942,265100.1780319214
84,2,259,600,1960,265344.5796279907
84,3,259,600,1964,272894.1406402588
84,4,259,600,1966,267725.15882110596
84,5,260,600,1993,268150.74535369873
84,6,260,600,1973,268696.17805480957
84,7,260,601,1986,269498.1957702637
84,8,260,601,2041,270538.1699295044
84,9,260,600,1999,269275.6516265869
84,10,260,601,2005,269520.07947540283
84,11,259,604,1995,270196.1125869751
84,12,259,604,1979,269463.28437042236
84,13,230,525,1767,223257.32013702393
84,14,260,604,1984,269919.563621521
84,15,232,565,1552,220169.1527709961
84,16,260,605,1986,271080.07597351074
84,17,260,604,1984,271478.64307403564
84,18,260,604,1973,270971.2539291382
84,19,260,603,1970,271200.8243484497
84,20,260,603,1968,271445.8898925781
84,21,260,603,1968,270801.9246902466
84,22,260,603,1978,271002.82566070557
84,23,260,603,1968,272028.7801437378
85,0,260,606,1992,272230.83628845215
85,1,261,606,2032,275321.6051559448
85,2,261,606,2031,273763.7560348511
85,3,260,606,2030,275494.81157684326
85,4,261,606,2046,284409.1912536621
85,5,261,605,2040,278124.7785949707
85,6,261,605,2076,278782.9042816162
85,7,261,604,2093,277784.0711212158
85,8,261,604,2094,278789.0443725586
85,9,261,605,2086,278461.4021835327
85,10,261,606,2120,278979.59491729736
85,11,261,607,2133,279520.2360534668
85,12,260,606,2141,280353.51985168457
85,13,259,606,2148,280841.377784729
85,14,259,607,2175,280604.78577423096
85,15,259,606,2149,280703.6449508667
85,16,259,607,2197,282337.2817764282
85,17,259,607,2199,279793.3411331177
85,18,260,611,2208,279829.91735076904
85,19,260,613,2190,280161.5307235718
85,20,260,612,2147,280175.41206359863
85,21,260,612,2106,280688.14012908936
85,22,260,612,2121,281245.0238189697
85,23,260,612,2127,281959.0119857788
86,0,261,615,2168,282585.4171066284
86,1,261,615,2216,283003.7284164429
86,2,261,615,2186,283105.8045501709
86,3,261,615,2195,285036.8263397217
86,4,261,616,2177,286124.612449646
86,5,261,614,2196,286849.97883605957
86,6,262,614,2177,287544.87228393555
86,7,262,614,2208,292279.14741516113
86,8,262,617,2184,288294.90645599365
86,9,262,617,2114,287519.80966186523
86,10,262,618,2131,287212.6770095825
86,11,262,617,2102,287040.826423645
86,12,262,620,2099,287319.24656677246
86,13,263,620,2116,287809.09129333496
86,14,264,622,2109,287779.29747772217
86,15,264,622,2101,287332.11514282227
86,16,262,624,2126,287442.3000488281
86,17,263,624,2138,287809.04412841797
86,18,263,624,2130,287513.58657073975
86,19,263,624,2117,287790.04276275635
86,20,263,624,2124,287935.50939941406
86,21,263,624,2112,288130.07260131836
86,22,263,624,2119,286599.70098114014
86,23,263,616,2104,285969.78468322754
87,0,264,617,2197,286366.59538269043
87,1,263,617,2241,286630.30699920654
87,2,263,617,2257,287592.8271179199
87,3,263,617,2265,291256.053024292
87,4,263,617,2287,289097.1800689697
87,5,263,617,2245,288347.7537765503
87,6,263,617,2303,288885.23762512207
87,7,261,617,2226,288989.6605682373
87,8,261,616,2246,288544.6192398071
87,9,261,617,2247,289064.1280899048
87,10,261,617,2260,289420.27447509766
87,11,262,618,2275,289882.8621444702
87,12,262,618,2276,290187.10514831543
87,13,261,618,2315,290415.62435913086
87,14,261,618,2147,289920.0048446655
87,15,261,619,2149,289277.5248031616
87,16,261,620,2111,290309.8199310303
87,17,260,620,2097,290702.8941116333
87,18,260,619,2014,294203.138130188
87,19,260,620,2038,290839.1278305054
87,20,260,619,2034,291599.8620376587
87,21,260,619,2026,292691.17265319824
87,22,260,618,2011,292949.2420425415
87,23,260,618,2009,293685.23930358887
88,0,226,535,1824,217097.60025787354
88,1,259,619,2022,298003.1113052368
88,2,259,619,2051,294850.0536880493
88,3,260,619,2044,296347.3645248413
88,4,260,619,2036,296177.6385040283
88,5,260,619,2046,296819.7860031128
88,6,260,619,2036,296865.74700164795
88,7,261,619,2033,296963.67556762695
88,8,261,619,2042,297109.71141815186
88,9,261,619,2038,297503.0623626709
88,10,261,619,2043,297312.4019546509
88,11,262,621,2108,297488.57331848145
88,12,262,621,2056,298333.77240753174
88,13,262,621,2041,298928.467048645
88,14,262,622,2067,298703.53162384033
88,15,262,621,2057,299484.7802658081
88,16,262,621,2063,300574.0024108887
88,17,262,621,2075,301369.1443710327
88,18,262,621,2073,301095.87116241455
88,19,262,620,2072,301392.6045913696
88,20,261,620,2081,303147.6773071289
88,21,261,619,2079,303130.5005874634
88,22,261,620,2081,304624.4574508667
88,23,263,620,2070,300413.64403533936
89,0,263,619,2083,300353.4510345459
89,1,263,619,2083,300054.9850692749
89,2,263,617,2102,300648.4694747925
89,3,261,615,2073,301853.87481689453
89,4,261,615,2076,305039.8316192627
89,5,261,615,2083,303418.78045654297
89,6,261,615,2084,303785.9789199829
89,7,261,615,2074,303791.98246765137
89,8,261,615,2096,305263.23860931396
89,9,261,615,2075,304705.0504989624
89,10,261,615,2074,304987.31562805176
89,11,261,615,2084,305017.4351577759
89,12,261,615,2074,305478.35750579834
89,13,261,615,2074,305744.9353713989
89,14,261,615,2084,305718.598236084
89,15,261,615,1970,306637.6228713989
89,16,261,615,1975,307010.5764770508
89,17,261,615,1999,308269.0954055786
89,18,261,615,1988,306396.3754501343
89,19,261,615,1986,306398.8151779175
89,20,261,615,1993,307022.93099212646
89,21,261,615,1985,307803.02599334717
89,22,261,614,1991,308598.49822998047
89,23,261,614,1984,309375.3110961914
90,0,261,616,2007,310074.0801086426
90,1,261,615,1990,310897.7195587158
90,2,261,615,2034,311407.7117767334
90,3,261,615,1995,312990.8148880005
90,4,261,615,2000,313999.5704269409
90,5,261,615,1995,314114.89948272705
90,6,261,615,2005,314327.225730896
90,7,261,615,2005,314378.2671203613
90,8,261,615,2006,314453.6005706787
90,9,261,615,2005,314529.0513000488
90,10,261,615,2005,314683.4106140137
90,11,260,615,1987,314418.65829467773
90,12,260,614,1988,313997.96367645264
90,13,260,614,1988,313173.26037597656
90,14,260,614,1985,312755.03301239014
90,15,260,614,1985,312891.6473236084
90,16,260,614,1985,312650.2713851929
90,17,260,614,1985,312917.2582015991
90,18,260,614,1985,313006.175819397
90,19,260,614,1985,312908.0768356323
90,20,260,614,1985,312813.6382598877
90,21,260,614,1985,312874.72397613525
90,22,260,614,1985,312976.38664245605
90,23,260,614,1985,313295.06046295166
91,0,260,615,2067,313319.6050186157
91,1,260,615,2068,313951.035697937
91,2,260,615,2090,314517.6982421875
91,3,260,615,2076,316245.8593978882
91,4,260,615,2118,317992.1135635376
91,5,260,615,2095,317500.4189071655
91,6,260,615,2094,317273.66149902344
91,7,260,616,2097,316903.7569580078
91,8,260,616,2078,318166.3130493164
91,9,260,618,2099,317249.09504699707
91,10,260,618,2089,316968.79930877686
91,11,260,618,2098,316318.82635498047
91,12,260,618,2080,315538.8808364868
91,13,260,619,2090,315564.4020996094
91,14,260,619,2039,315562.2405014038
91,15,260,618,1913,314763.9041366577
91,16,260,619,1913,314894.0852661133
91,17,260,619,1932,314846.7914733887
91,18,260,619,1941,313041.99321746826
91,19,260,619,1932,313057.2685623169
91,20,260,619,1934,310206.43155670166
91,21,260,619,1934,307788.52143859863
91,22,260,618,1938,309568.1717376709
91,23,260,618,1933,309574.11071777344
92,23,1,1,2143,315062.9519042969
93,0,267,631,2157,315382.01902008057
93,1,267,631,2200,316401.0394821167
93,2,267,631,2217,316377.33444976807
93,3,267,631,2236,318062.9488067627
93,4,267,631,2249,318875.2184829712
93,5,267,631,2274,318925.47565460205
93,6,267,632,2281,319327.6984176636
93,7,267,632,2279,319179.8669281006
93,8,268,632,2283,319423.8138961792
93,9,267,633,2341,319617.7237625122
93,10,267,633,2286,320039.3365097046
93,11,267,632,2234,320452.39179229736
93,12,267,632,2260,320848.37993621826
93,13,267,632,2233,321097.1479187012
94,22,328,635,2259,330017257700864
96,0,329,633,2260,325428428562944
98,21,334,643,2368,337791616587776
101,12,342,659,2444,358818551616512