2018,03,26,0,108,340,730,52302.5121383667
2018,03,26,1,92,285,624,42574.74932861328
2018,03,26,2,92,285,645,42598.28579711914
2018,03,26,3,107,339,724,52467.972244262695
2018,03,26,4,107,339,728,52506.48825073242
2018,03,26,5,85,268,593,42353.12526702881
2018,03,26,6,85,268,588,42344.009269714355
2018,03,26,7,107,338,742,52577.64214324951
2018,03,26,8,85,267,599,42384.14724731445
2018,03,26,9,107,338,740,52628.17768859863
2018,03,26,10,107,338,753,52700.00650024414
2018,03,26,11,85,268,597,42514.57791900635
2018,03,26,12,85,268,577,42505.478660583496
2018,03,26,13,109,340,743,53065.7195892334
2018,03,26,14,86,269,584,42594.838134765625
2018,03,26,15,94,287,629,43092.33491516113
2018,03,26,16,86,271,587,42682.662117004395
2018,03,26,17,109,342,752,54052.97449493408
2018,03,26,18,86,270,571,42719.0590133667
2018,03,26,19,109,343,743,54530.54692840576
2018,03,26,20,86,273,601,42766.226303100586
2018,03,26,21,109,343,741,55085.94602203369
2018,03,26,22,86,271,594,42796.66178894043
2018,03,26,23,109,342,760,54968.66382598877
2018,03,27,0,86,270,601,42856.25399017334
2018,03,27,1,110,343,733,55494.95276641846
2018,03,27,2,86,271,584,42935.60347747803
2018,03,27,3,109,342,725,55970.446144104004
2018,03,27,4,94,288,632,43657.781158447266
2018,03,27,5,86,270,572,43017.13246154785
2018,03,27,6,86,270,588,43027.994148254395
2018,03,27,7,109,342,736,56895.36917877197
2018,03,27,8,86,270,579,43128.75469970703
2018,03,27,9,109,342,728,57223.060974121094
2018,03,27,10,86,270,572,43168.6965713501
2018,03,27,11,109,343,723,57330.838539123535
2018,03,27,12,86,271,579,43201.92615509033
2018,03,27,13,109,343,722,57446.95420837402
2018,03,27,14,109,344,762,57517.05546569824
2018,03,27,15,109,343,759,57573.33686828613
2018,03,27,16,86,272,570,43326.513671875
2018,03,27,17,109,342,721,57646.67325592041
2018,03,27,18,86,270,570,43397.39489746094
2018,03,27,19,110,342,683,57759.394439697266
2018,03,27,20,86,270,538,43452.74700164795
2018,03,27,21,87,269,537,43516.10140991211
2018,03,27,22,87,267,533,43499.42964935303
2018,03,27,23,111,339,674,57902.72250366211
2018,03,28,0,112,350,749,57937.912200927734
2018,03,28,1,90,277,584,43614.28325653076
2018,03,28,2,112,347,716,58010.185234069824
2018,03,28,3,112,345,728,58057.67882537842
2018,03,28,4,112,343,730,58100.40478515625
2018,03,28,5,89,272,567,43728.798194885254
2018,03,28,6,89,272,579,43747.98432159424
2018,03,28,7,89,272,579,43780.00644683838
2018,03,28,8,112,343,714,58158.88319396973
2018,03,28,9,113,343,714,58209.64408874512
2018,03,28,10,114,343,732,58257.52250671387
2018,03,28,11,91,272,575,43901.54109954834
2018,03,28,12,114,343,726,58321.686378479004
2018,03,28,13,91,273,572,43949.36028289795
2018,03,28,14,114,344,732,58332.82241821289
2018,03,28,15,91,273,596,43989.71876525879
2018,03,28,16,114,344,742,58036.18790435791
2018,03,28,17,90,272,569,43663.18312835693
2018,03,28,18,90,272,574,43679.574630737305
2018,03,28,19,113,344,758,58020.77161407471
2018,03,28,20,113,343,709,58044.03486633301
2018,03,28,21,90,273,563,43770.756408691406
2018,03,28,22,90,272,556,43804.43605041504
2018,03,28,23,90,272,556,43837.31694793701
2018,03,29,0,114,347,763,58281.56833648682
2018,03,29,1,91,274,610,43908.00695037842
2018,03,29,2,91,274,616,43950.383850097656
2018,03,29,3,115,347,759,58491.41265106201
2018,03,29,4,115,347,762,58560.20958709717
2018,03,29,5,92,274,612,44102.04362487793
2018,03,29,6,115,347,762,58668.95469665527
2018,03,29,7,116,347,776,58743.5964050293
2018,03,29,8,93,274,602,44409.63355255127
2018,03,29,9,93,274,583,44620.29374694824
2018,03,29,10,116,348,756,59243.013679504395
2018,03,29,11,93,275,614,44718.38326263428
2018,03,29,12,93,275,595,44767.2060546875
2018,03,29,13,116,348,778,59445.357109069824
2018,03,29,14,116,348,766,59492.15943145752
2018,03,29,15,93,277,597,44873.63680267334
2018,03,29,16,94,277,588,44890.96520996094
2018,03,29,17,94,276,597,45096.54746246338
2018,03,29,18,118,350,766,60132.711029052734
2018,03,29,19,103,295,721,47254.02322387695
2018,03,29,20,118,352,822,61953.40037536621
2018,03,29,21,94,275,616,46934.194496154785
2018,03,29,22,117,350,766,62610.72218322754
2018,03,29,23,94,275,615,46942.063735961914
2018,03,30,0,95,278,626,47060.654296875
2018,03,30,1,119,354,775,63830.04382324219
2018,03,30,2,96,278,606,47976.82122039795
2018,03,30,3,120,354,792,64365.70903778076
2018,03,30,4,97,277,592,46785.582107543945
2018,03,30,5,120,352,793,63264.570304870605
2018,03,30,6,120,353,790,63436.22821807861
2018,03,30,7,120,352,778,63815.23636627197
2018,03,30,8,112,334,698,63412.87644195557
2018,03,30,9,97,277,619,47037.72700500488
2018,03,30,10,97,277,602,47065.72806549072
2018,03,30,11,120,352,773,65266.613525390625
2018,03,30,12,97,277,605,47130.736473083496
2018,03,30,13,112,335,729,64188.92995452881
2018,03,30,14,97,278,628,46338.33729553223
2018,03,30,15,120,353,815,65943.73892974854
2018,03,30,16,98,278,610,46449.85397338867
2018,03,30,17,98,278,580,47370.646423339844
2018,03,30,18,121,353,737,68262.15853118896
2018,03,30,19,121,352,736,68906.49600982666
2018,03,30,20,98,277,578,49378.75769042969
2018,03,30,21,121,352,735,69760.52779388428
2018,03,30,22,121,352,735,69769.23244476318
2018,03,30,23,121,352,729,70085.89789581299
2018,03,31,0,98,277,572,50010.95789337158
2018,03,31,1,121,352,727,70448.21492004395
2018,03,31,2,121,350,725,70552.2647857666
2018,03,31,3,98,277,571,50328.57939147949
2018,03,31,4,98,277,571,50372.61683654785
2018,03,31,5,121,350,725,70671.48505401611
2018,03,31,6,121,350,725,70704.54898834229
2018,03,31,7,98,277,571,50480.907775878906
2018,03,31,8,121,350,725,70772.5929107666
2018,03,31,9,121,350,725,70805.93342590332
2018,03,31,10,98,277,571,50570.782791137695
2018,03,31,11,121,350,725,70845.30220031738
2018,03,31,12,121,350,725,70913.22537994385
2018,03,31,13,98,277,571,50677.492614746094
2018,03,31,14,98,276,570,50782.373596191406
2018,03,31,15,121,349,724,71259.33306121826
2018,03,31,16,121,349,724,71412.53889465332
2018,03,31,17,121,349,724,71674.26631164551
2018,03,31,18,98,276,570,51587.126037597656
2018,03,31,19,98,276,570,51671.92588806152
2018,03,31,20,98,276,570,52015.14722442627
2018,03,31,21,120,348,723,72457.07647705078
2018,03,31,22,98,276,570,52331.20936584473
2018,03,31,23,120,348,723,72624.09970092773
2018,04,01,0,98,280,640,52694.96346282959
2018,04,01,1,120,355,827,73321.27534484863
2018,04,01,2,98,280,654,53302.99057006836
2018,04,01,3,120,354,811,73728.61095428467
2018,04,01,4,98,279,659,53628.34896850586
2018,04,01,5,120,354,821,74064.42555236816
2018,04,01,6,98,279,634,53679.17056274414
2018,04,01,7,98,279,652,53866.43086242676
2018,04,01,8,120,354,823,74323.4094619751
2018,04,01,9,120,354,811,73980.34936523438
2018,04,01,10,98,279,640,53831.41869354248
2018,04,01,11,120,354,815,74228.759765625
2018,04,01,12,98,279,640,54052.264724731445
2018,04,01,13,120,354,797,74437.40531921387
2018,04,01,14,98,279,642,54298.838523864746
2018,04,01,15,120,354,805,74692.23122406006
2018,04,01,16,98,279,646,54523.115661621094
2018,04,01,17,120,354,821,72756.63651275635
2018,04,01,18,98,279,646,51881.01707458496
2018,04,01,19,98,279,640,52050.4623336792
2018,04,01,20,98,279,648,52166.94773101807
2018,04,01,21,120,354,806,72609.80240631104
2018,04,01,22,98,279,642,52451.22539520264
2018,04,01,23,98,279,654,52592.79397583008
2018,04,02,0,120,354,811,73121.80183410645
2018,04,02,1,98,279,654,53109.55268859863
2018,04,02,2,106,298,706,54172.970779418945
2018,04,02,3,120,354,820,73827.28063201904
2018,04,02,4,121,354,807,75539.53754425049
2018,04,02,5,99,279,638,55386.145988464355
2018,04,02,6,121,354,831,75824.47212219238
2018,04,02,7,99,279,660,55635.5791015625
2018,04,02,8,99,278,679,55780.385665893555
2018,04,02,9,121,354,838,76241.06469726562
2018,04,02,10,121,353,831,76375.8918762207
2018,04,02,11,99,278,661,56205.118309020996
2018,04,02,12,99,278,672,56321.217361450195
2018,04,02,13,99,278,662,53842.81547546387
2018,04,02,14,121,353,820,74806.43951416016
2018,04,02,15,99,278,659,53924.750328063965
2018,04,02,16,121,354,815,73486.87097930908
2018,04,02,17,113,336,736,74002.61081695557
2018,04,02,18,99,279,627,53394.03485870361
2018,04,02,19,121,354,785,76685.36508178711
2018,04,02,20,121,354,785,76647.75462341309
2018,04,02,21,99,279,627,53718.43928527832
2018,04,02,22,99,279,627,53698.62355041504
2018,04,02,23,121,353,784,78308.21508026123
2018,04,03,0,123,354,824,78616.88014984131
2018,04,03,1,100,279,669,54594.61421966553
2018,04,03,2,100,280,666,54615.454193115234
2018,04,03,3,100,280,662,54686.342041015625
2018,04,03,4,123,355,843,79577.91124725342
2018,04,03,5,115,338,777,79055.32039642334
2018,04,03,6,101,281,679,54803.36806488037
2018,04,03,7,124,356,832,80248.20803833008
2018,04,03,8,101,281,675,54891.733070373535
2018,04,03,9,101,281,671,54916.180114746094
2018,04,03,10,125,357,836,80927.14673614502
2018,04,03,11,101,281,677,54984.47343444824
2018,04,03,12,102,282,668,55014.8590927124
2018,04,03,13,126,357,849,81533.57411193848
2018,04,03,14,126,358,844,81769.7227935791
2018,04,03,15,102,284,678,55096.43363189697
2018,04,03,16,102,283,681,55087.88636779785
2018,04,03,17,127,361,836,82409.18243408203
2018,04,03,18,127,362,832,82110.79634857178
2018,04,03,19,102,286,671,55242.082191467285
2018,04,03,20,127,364,827,79495.67658996582
2018,04,03,21,102,286,657,54984.111740112305
2018,04,03,22,127,364,819,80488.64165496826
2018,04,03,23,103,286,657,55048.0315322876
2018,04,04,0,104,286,668,55033.30667114258
2018,04,04,1,128,364,827,81978.64492034912
2018,04,04,2,128,364,827,82558.349609375
2018,04,04,3,104,286,663,55170.211265563965
2018,04,04,4,104,286,663,55198.81909942627
2018,04,04,5,128,363,826,84162.57815551758
2018,04,04,6,128,363,826,84663.6983795166
2018,04,04,7,128,363,826,85200.66152191162
2018,04,04,8,104,286,663,55379.430603027344
2018,04,04,9,104,288,666,55402.816146850586
2018,04,04,10,104,287,664,55434.560470581055
2018,04,04,11,128,365,829,86838.59005737305
2018,04,04,12,128,365,829,87213.5630493164
2018,04,04,13,104,287,666,55538.44499206543
2018,04,04,14,104,287,667,55629.18032836914
2018,04,04,15,129,368,836,88676.0915145874
2018,04,04,16,105,289,669,55782.65458679199
2018,04,04,17,105,291,675,55918.6696472168
2018,04,04,18,105,290,671,54576.084297180176
2018,04,04,19,129,368,832,89292.35291290283
2018,04,04,20,105,290,673,55204.30711364746
2018,04,04,21,128,368,839,91157.13077545166
2018,04,04,22,128,368,839,91315.70754241943
2018,04,04,23,120,349,789,90753.9087677002
2018,04,05,0,107,290,676,55930.87303161621
2018,04,05,1,132,370,847,91945.04042053223
2018,04,05,2,107,290,687,56136.32299041748
2018,04,05,3,132,370,857,92502.05749511719
2018,04,05,4,107,291,688,56220.25540924072
2018,04,05,5,132,371,859,92930.96369171143
2018,04,05,6,123,352,804,92342.59228515625
2018,04,05,7,132,372,859,93365.80535888672
2018,04,05,8,132,372,860,93558.23808288574
2018,04,05,9,107,292,689,56406.36998748779
2018,04,05,10,107,292,688,56437.299224853516
2018,04,05,11,132,372,861,93684.22905731201
2018,04,05,12,107,292,690,56512.07167816162
2018,04,05,13,107,292,691,56555.95439910889
2018,04,05,14,107,292,692,56573.828941345215
2018,04,05,15,133,372,864,93645.2587890625
2018,04,05,16,134,374,868,90346.23542022705
2018,04,05,17,135,375,869,90256.97413635254
2018,04,05,18,117,315,743,53852.37284851074
2018,04,05,19,108,295,694,53183.902099609375
2018,04,05,20,107,294,704,53247.82280731201
2018,04,05,21,134,373,806,90435.86610412598
2018,04,05,22,106,291,635,53292.972412109375
2018,04,05,23,106,291,635,54363.97043609619
2018,04,06,0,135,378,843,93046.57637023926
2018,04,06,1,106,295,660,54894.549377441406
2018,04,06,2,134,378,846,93916.29106903076
2018,04,06,3,135,378,845,93949.1650466919
2018,04,06,4,135,377,844,94524.40839385986
2018,04,06,5,107,294,670,55338.928718566895
2018,04,06,6,107,294,669,55419.34959411621
2018,04,06,7,107,294,669,55526.475257873535
2018,04,06,8,135,377,843,96378.46978759766
2018,04,06,9,135,378,846,96781.35502624512
2018,04,06,10,135,378,846,97230.53796386719
2018,04,06,11,107,295,672,55773.58216094971
2018,04,06,12,135,378,846,98099.51344299316
2018,04,06,13,107,295,672,55907.25159454346
2018,04,06,14,135,378,846,99114.40204620361
2018,04,06,15,107,295,673,55969.09329223633
2018,04,06,16,134,379,851,99324.54945373535
2018,04,06,17,107,296,677,54359.1618347168
2018,04,06,18,107,297,680,54636.09088897705
2018,04,06,19,134,381,856,95171.84758758545
2018,04,06,20,134,381,855,91453.4965057373
2018,04,06,21,107,298,684,56165.1584854126
2018,04,06,22,107,295,656,56600.658142089844
2018,04,06,23,134,377,847,87990.49961090088
2018,04,07,0,133,376,835,88508.50638580322
2018,04,07,1,107,295,663,56901.41580200195
2018,04,07,2,106,294,664,56984.6489944458
2018,04,07,3,106,294,662,57013.31546020508
2018,04,07,4,132,374,833,89187.97648620605
2018,04,07,5,106,294,662,57151.52615356445
2018,04,07,6,106,294,663,57195.035415649414
2018,04,07,7,132,374,845,89406.8064956665
2018,04,07,8,132,374,834,89469.1545791626
2018,04,07,9,106,294,663,57383.1861038208
2018,04,07,10,133,375,835,89555.61323547363
2018,04,07,11,106,294,663,57469.86486816406
2018,04,07,12,133,375,835,89652.24018859863
2018,04,07,13,133,375,835,89886.35050964355
2018,04,07,14,132,375,835,90239.25314331055
2018,04,07,15,106,294,662,58439.89629364014
2018,04,07,16,106,294,662,58771.288650512695
2018,04,07,17,133,375,835,91292.08097839355
2018,04,07,18,132,374,834,91487.97053527832
2018,04,07,19,106,294,661,59204.72856140137
2018,04,07,20,133,376,841,91613.76615142822
2018,04,07,21,106,296,663,59357.073959350586
2018,04,07,22,133,377,839,91729.89171600342
2018,04,07,23,106,296,663,59432.139503479004
2018,04,08,0,133,377,840,91782.75907897949
2018,04,08,1,106,296,664,59486.608879089355
2018,04,08,2,106,296,664,59515.31120300293
2018,04,08,3,133,377,838,91895.59390258789
2018,04,08,4,133,377,839,91978.1121673584
2018,04,08,5,106,296,663,59640.384353637695
2018,04,08,6,106,296,664,59802.21395111084
2018,04,08,7,133,377,841,92197.50638580322
2018,04,08,8,106,296,664,59840.990394592285
2018,04,08,9,133,377,840,92261.6862411499
2018,04,08,10,133,377,841,92277.98487091064
2018,04,08,11,133,377,841,92263.72846221924
2018,04,08,12,106,296,664,59955.34647369385
2018,04,08,13,133,377,841,92288.90124511719
2018,04,08,14,106,296,663,59965.321128845215
2018,04,08,15,106,296,662,60020.02625274658
2018,04,08,16,106,296,664,60096.01735687256
2018,04,08,17,133,377,840,92463.78691864014
2018,04,08,18,106,296,664,60140.966873168945
2018,04,08,19,133,377,841,92504.42114257812
2018,04,08,20,106,296,663,60184.1713180542
2018,04,08,21,133,377,841,92543.51137542725
2018,04,08,22,106,296,664,60234.37822723389
2018,04,08,23,133,377,841,92560.58893585205
2018,04,09,0,133,377,842,92590.30289459229
2018,04,09,1,133,377,841,92639.42929077148
2018,04,09,2,106,296,664,60326.12693786621
2018,04,09,3,133,377,842,92711.81385803223
2018,04,09,4,106,296,664,60417.997901916504
2018,04,09,5,133,377,842,92769.32725524902
2018,04,09,6,106,296,664,60461.987075805664
2018,04,09,7,133,377,841,92827.79183959961
2018,04,09,8,106,296,663,60524.61577606201
2018,04,09,9,133,377,842,92889.55758666992
2018,04,09,10,122,356,781,92293.11448669434
2018,04,09,11,133,377,844,92963.00452423096
2018,04,09,12,106,296,665,60624.56175994873
2018,04,09,13,133,379,846,93088.92669677734
2018,04,09,14,106,296,664,60857.283142089844
2018,04,09,15,133,380,847,91582.61443328857
2018,04,09,16,106,296,665,62232.04496002197
2018,04,09,17,133,380,848,93441.80173492432
2018,04,09,18,106,295,663,62789.686698913574
2018,04,09,19,135,380,843,94008.09303283691
2018,04,09,20,134,379,842,94279.4679031372
2018,04,09,21,106,295,661,63016.41694641113
2018,04,09,22,106,295,660,63004.565826416016
2018,04,09,23,134,379,841,95306.3676071167
2018,04,10,0,134,384,878,95437.30224609375
2018,04,10,1,134,384,878,95510.99445343018
2018,04,10,2,134,384,877,95550.26915740967
2018,04,10,3,117,323,753,63848.16667175293
2018,04,10,4,106,298,692,63438.48043823242
2018,04,10,5,134,385,878,95941.66680908203
2018,04,10,6,135,385,878,96013.7658996582
2018,04,10,7,107,298,695,63642.12225341797
2018,04,10,8,135,385,880,96282.38907623291
2018,04,10,9,106,299,696,63760.04383087158
2018,04,10,10,106,298,697,63798.3782043457
2018,04,10,11,106,298,697,63853.781593322754
2018,04,10,12,134,386,880,100544.09390258789
2018,04,10,13,106,299,697,62484.37515258789
2018,04,10,14,106,300,698,61144.80757904053
2018,04,10,15,134,387,883,98127.73919677734
2018,04,10,16,134,387,886,98229.1798324585
2018,04,10,17,107,301,714,59527.75721740723
2018,04,10,18,135,387,899,98439.33235168457
2018,04,10,19,108,298,711,59576.32299041748
2018,04,10,20,136,384,896,98519.2709274292
2018,04,10,21,108,298,711,59699.19750213623
2018,04,10,22,136,384,896,98658.69998931885
2018,04,10,23,108,298,711,59783.339096069336
2018,04,11,0,108,304,724,59822.63042449951
2018,04,11,1,108,304,724,59853.6764755249
2018,04,11,2,137,390,910,98864.32794952393
2018,04,11,3,109,302,722,59983.496154785156
2018,04,11,4,138,390,910,99090.413230896
2018,04,11,5,138,390,912,99138.83227539062
2018,04,11,6,138,390,912,99174.05834960938
2018,04,11,7,109,303,723,60289.32809448242
2018,04,11,8,139,393,914,99281.88018798828
2018,04,11,9,110,305,724,60366.16767883301
2018,04,11,10,140,394,913,99351.53017425537
2018,04,11,11,140,393,910,99240.63107299805
2018,04,11,12,140,394,915,99392.3655166626
2018,04,11,13,111,304,722,60496.08787536621
2018,04,11,14,141,395,914,99485.7354812622
2018,04,11,15,111,305,723,60558.182220458984
2018,04,11,16,141,395,915,99569.9002532959
2018,04,11,17,111,306,728,60722.41951751709
2018,04,11,18,131,355,824,88066.39406585693
2018,04,11,19,141,396,913,99722.36251068115
2018,04,11,20,141,396,913,99980.29204559326
2018,04,11,21,141,396,913,100317.18235015869
2018,04,11,22,141,395,911,100534.22943878174
2018,04,11,23,141,395,911,100591.6774597168
2018,04,12,0,142,400,973,100615.27558898926
2018,04,12,1,142,400,973,100690.86808776855
2018,04,12,2,142,401,978,100738.40843963623
2018,04,12,3,143,401,976,100740.40837097168
2018,04,12,4,143,401,978,100796.64012145996
2018,04,12,5,143,401,948,100813.08197021484
2018,04,12,6,143,401,948,100849.37297821045
2018,04,12,7,143,401,949,100830.60067749023
2018,04,12,8,144,401,950,100896.48210906982
2018,04,12,9,144,401,959,100927.33015441895
2018,04,12,10,144,401,957,100986.6118927002
2018,04,12,11,145,401,958,101049.48664093018
2018,04,12,12,145,401,958,100794.12678527832
2018,04,12,13,145,401,959,100134.05339813232
2018,04,12,14,145,401,958,101243.1247177124
2018,04,12,15,143,400,958,102805.41999053955
2018,04,12,16,145,395,954,103690.11894989014
2018,04,12,17,145,396,956,104243.27665710449
2018,04,12,18,146,396,955,104344.1847000122
2018,04,12,19,146,395,952,104446.03193664551
2018,04,12,20,146,395,952,104524.99950408936
2018,04,12,21,146,395,952,104656.68095397949
2018,04,12,22,145,394,951,104964.28351593018
2018,04,12,23,145,394,951,105093.20709228516
2018,04,13,0,146,397,962,105420.8171005249
2018,04,13,1,146,397,962,105289.80904388428
2018,04,13,2,146,397,962,106264.40393066406
2018,04,13,3,146,397,962,106356.31747436523
2018,04,13,4,146,397,961,106385.38874053955
2018,04,13,5,146,398,963,106494.85585784912
2018,04,13,6,146,398,964,106884.8794631958
2018,04,13,7,146,398,964,107479.3929977417
2018,04,13,8,146,398,965,107897.89836120605
2018,04,13,9,146,398,965,108251.11473846436
2018,04,13,10,146,398,966,108611.5738067627
2018,04,13,11,146,399,969,108777.94491577148
2018,04,13,12,146,400,970,108832.63105010986
2018,04,13,13,146,400,970,108905.81755065918
2018,04,13,14,146,400,967,108960.38873291016
2018,04,13,15,146,400,967,109005.83967590332
2018,04,13,16,145,400,966,108980.99488830566
2018,04,13,17,145,399,963,109006.65076446533
2018,04,13,18,145,399,963,109071.21212005615
2018,04,13,19,145,397,961,109082.21714019775
2018,04,13,20,145,397,961,106148.30685424805
2018,04,13,21,145,397,961,105212.64799499512
2018,04,13,22,145,397,961,105174.4045791626
2018,04,13,23,145,397,961,105141.87586212158
2018,04,14,0,145,401,973,105167.89772033691
2018,04,14,1,145,401,973,105233.88802337646
2018,04,14,2,145,400,972,105209.45259094238
2018,04,14,3,145,400,971,105264.17057800293
2018,04,14,4,145,401,973,105229.46697235107
2018,04,14,5,145,401,973,102872.25651550293
2018,04,14,6,145,401,973,99767.46885681152
2018,04,14,7,145,401,973,99078.28771209717
2018,04,14,8,145,402,974,99104.78918457031
2018,04,14,9,145,402,974,99112.76475524902
2018,04,14,10,145,402,974,99130.64266204834
2018,04,14,11,145,402,974,99181.567527771
2018,04,14,12,145,402,975,99199.76815032959
2018,04,14,13,145,401,974,99201.33061218262
2018,04,14,14,145,401,973,99248.04581451416
2018,04,14,15,145,401,973,99234.81652832031
2018,04,14,16,145,401,973,99280.39529418945
2018,04,14,17,145,401,974,99336.90128326416
2018,04,14,18,145,401,973,99354.02012634277
2018,04,14,19,145,401,973,99387.20021057129
2018,04,14,20,145,401,973,99437.81496429443
2018,04,14,21,145,402,974,99496.89498138428
2018,04,14,22,145,402,974,99482.71885681152
2018,04,14,23,145,402,974,99507.3116531372
2018,04,15,0,145,402,974,99564.66703033447
2018,04,15,1,145,402,974,99613.70792388916
2018,04,15,2,145,402,974,99675.35237121582
2018,04,15,3,145,402,974,99715.38146972656
2018,04,15,4,145,401,973,99722.63255310059
2018,04,15,5,145,401,973,98853.06568908691
2018,04,15,6,145,401,972,99700.29577636719
2018,04,15,7,145,401,973,99841.77031707764
2018,04,15,8,145,401,973,99876.70850372314
2018,04,15,9,145,401,973,99924.44101715088
2018,04,15,10,145,401,975,99942.20990753174
2018,04,15,11,145,401,975,99981.63636779785
2018,04,15,12,145,401,974,100002.46899414062
2018,04,15,13,145,401,974,100032.85780334473
2018,04,15,14,145,401,974,100058.43547058105
2018,04,15,15,145,401,974,100069.34796905518
2018,04,15,16,145,401,975,100081.83755493164
2018,04,15,17,145,400,972,100107.66730499268
2018,04,15,18,145,401,973,100177.93544006348
2018,04,15,19,145,401,972,100200.24711608887
2018,04,15,20,145,401,972,100228.84104156494
2018,04,15,21,145,402,973,100292.57549285889
2018,04,15,22,145,402,977,100301.73139190674
2018,04,15,23,145,402,977,100328.43854522705
2018,04,16,0,145,402,977,100352.08100891113
2018,04,16,1,145,402,977,100400.33184051514
2018,04,16,2,145,402,979,100437.60488128662
2018,04,16,3,145,402,979,100500.68299102783
2018,04,16,4,145,402,979,100541.40675354004
2018,04,16,5,145,402,978,99658.30922698975
2018,04,16,6,145,403,979,100497.66526031494
2018,04,16,7,145,401,977,100678.71678161621
2018,04,16,8,145,402,977,100669.09191131592
2018,04,16,9,145,401,977,100737.90483093262
2018,04,16,10,145,401,977,100740.90297698975
2018,04,16,11,145,401,977,100824.25972747803
2018,04,16,12,145,401,977,100841.55332183838
2018,04,16,13,145,401,982,100892.60073852539
2018,04,16,14,146,401,982,100914.63494873047
2018,04,16,15,145,401,981,100945.04071807861
2018,04,16,16,146,401,980,101152.49351501465
2018,04,16,17,146,401,980,101366.2657546997
2018,04,16,18,146,400,975,101649.07025909424
2018,04,16,19,146,400,975,101895.31806945801
2018,04,16,20,146,400,975,102181.74430084229
2018,04,16,21,146,400,975,102394.95979309082
2018,04,16,22,146,400,975,102600.04355621338
2018,04,16,23,146,400,975,102773.71282196045
2018,04,17,0,147,405,989,103049.50603485107
2018,04,17,1,147,405,989,103218.92617034912
2018,04,17,2,147,405,988,103505.28462982178
2018,04,17,3,147,405,989,103698.85512542725
2018,04,17,4,147,405,990,103949.08525085449
2018,04,17,5,147,405,990,104195.42456817627
2018,04,17,6,147,407,991,104397.76454925537
2018,04,17,7,148,408,994,104660.59972381592
2018,04,17,8,148,409,995,104866.81694030762
2018,04,17,9,148,410,996,105132.08420562744
2018,04,17,10,148,411,997,105297.036277771
2018,04,17,11,148,412,998,105749.99920654297
2018,04,17,12,148,412,998,105936.02889251709
2018,04,17,13,148,412,999,106141.38916015625
2018,04,17,14,148,413,1000,107638.84916687012
2018,04,17,15,148,412,999,107599.107421875
2018,04,17,16,148,412,999,107798.00001525879
2018,04,17,17,148,413,1005,107617.56409454346
2018,04,17,18,148,414,1010,107947.56394958496
2018,04,17,19,149,414,1009,108768.854637146
2018,04,17,20,150,414,1009,109725.38764190674
2018,04,17,21,150,413,1009,110643.69219207764
2018,04,17,22,150,413,1007,111436.44011688232
2018,04,17,23,150,413,1005,112330.00230407715
2018,04,18,0,150,414,1009,113160.66082763672
2018,04,18,1,150,414,1007,113983.11952209473
2018,04,18,2,150,414,1006,114705.96626281738
2018,04,18,3,150,415,1011,114888.1379776001
2018,04,18,4,150,415,1011,115123.20417785645
2018,04,18,5,151,415,1010,115039.51931762695
2018,04,18,6,151,416,1012,115595.4277420044
2018,04,18,7,151,416,1012,115789.86633300781
2018,04,18,8,151,417,1009,115974.14276885986
2018,04,18,9,152,419,1010,116218.61248016357
2018,04,18,10,152,420,1011,116418.05049133301
2018,04,18,11,152,420,1011,116617.72162628174
2018,04,18,12,152,420,1011,116824.40432739258
2018,04,18,13,152,421,1015,115393.29209899902
2018,04,18,14,152,423,1019,111840.03687286377
2018,04,18,15,152,422,1018,112656.86833190918
2018,04,18,16,152,422,1020,113657.93229675293
2018,04,18,17,152,423,1021,114800.97122192383
2018,04,18,18,153,423,1018,115680.1799697876
2018,04,18,19,153,423,1016,116201.61882781982
2018,04,18,20,153,422,1014,116770.95821380615
2018,04,18,21,153,422,1014,117431.15558624268
2018,04,18,22,153,422,1013,118185.4953918457
2018,04,18,23,154,421,1011,118768.92334747314
2018,04,19,0,155,427,1047,119944.44132995605
2018,04,19,1,155,427,1047,120701.02705383301
2018,04,19,2,155,427,1058,121232.8185043335
2018,04,19,3,155,427,1058,121756.75595092773
2018,04,19,4,155,426,1057,122301.10527801514
2018,04,19,5,155,426,1057,122473.58881378174
2018,04,19,6,156,427,1070,123359.13730621338
2018,04,19,7,155,427,1069,123864.02825164795
2018,04,19,8,156,427,1070,124437.37296295166
2018,04,19,9,155,427,1069,124942.19071960449
2018,04,19,10,156,427,1069,125498.4169845581
2018,04,19,11,156,427,1070,126104.58181762695
2018,04,19,12,156,427,1070,126680.63528442383
2018,04,19,13,156,428,1070,127242.96327972412
2018,04,19,14,156,428,1070,127797.34613800049
2018,04,19,15,156,428,1072,128005.61103820801
2018,04,19,16,155,428,1068,128186.9345779419
2018,04,19,17,155,428,1059,128462.48708343506
2018,04,19,18,155,427,1058,128810.68041992188
2018,04,19,19,155,427,1056,129228.06539154053
2018,04,19,20,155,427,1056,129854.39091491699
2018,04,19,21,156,427,1056,130498.16156768799
2018,04,19,22,156,427,1056,130874.27722930908
2018,04,19,23,156,427,1056,131271.34824371338
2018,04,20,0,156,432,1077,131796.2866897583
2018,04,20,1,157,432,1075,132146.99894714355
2018,04,20,2,157,432,1097,132240.27281188965
2018,04,20,3,157,432,1099,132304.44291687012
2018,04,20,4,157,432,1100,132374.1354598999
2018,04,20,5,157,432,1099,132173.74182128906
2018,04,20,6,157,430,1098,133008.65446472168
2018,04,20,7,157,430,1097,133358.6739730835
2018,04,20,8,157,430,1097,133747.74057006836
2018,04,20,9,157,430,1108,134111.84826660156
2018,04,20,10,155,423,1100,134423.8547592163
2018,04,20,11,154,422,1099,134573.64804077148
2018,04,20,12,154,422,1099,134637.73623657227
2018,04,20,13,154,422,1099,134733.24156951904
2018,04,20,14,154,422,1099,134795.33068084717
2018,04,20,15,154,422,1100,134958.63999176025
2018,04,20,16,153,422,1110,134845.48317718506
2018,04,20,17,153,422,1110,135133.50219726562
2018,04,20,18,153,423,1113,134798.65990447998
2018,04,20,19,153,423,1113,134914.58254241943
2018,04,20,20,154,423,1112,134966.13108825684
2018,04,20,21,152,422,1111,135028.17184448242
2018,04,20,22,152,422,1107,131794.11330413818
2018,04,20,23,152,422,1107,129603.54669189453
2018,04,21,0,153,422,1115,129883.02146911621
2018,04,21,1,153,422,1114,130076.53898620605
2018,04,21,2,153,422,1114,130357.3962097168
2018,04,21,3,153,422,1114,130574.9328918457
2018,04,21,4,153,422,1113,130846.67388916016
2018,04,21,5,153,422,1113,130715.61637878418
2018,04,21,6,153,420,1112,131142.6129989624
2018,04,21,7,153,419,1110,131203.59172058105
2018,04,21,8,153,419,1110,131258.60061645508
2018,04,21,9,153,419,1111,131290.62313079834
2018,04,21,10,153,419,1111,131357.23012542725
2018,04,21,11,153,419,1111,131414.76107788086
2018,04,21,12,153,419,1112,131465.14838409424
2018,04,21,13,153,419,1111,131535.08502197266
2018,04,21,14,153,419,1111,131602.90434265137
2018,04,21,15,153,419,1111,131668.6889038086
2018,04,21,16,153,419,1112,131720.26737976074
2018,04,21,17,153,419,1112,131798.71394348145
2018,04,21,18,153,419,1111,131840.60892486572
2018,04,21,19,153,420,1112,131897.38508605957
2018,04,21,20,153,420,1113,131926.16381072998
2018,04,21,21,153,419,1111,131987.54544067383
2018,04,21,22,154,419,1110,132047.83631896973
2018,04,21,23,154,419,1110,132178.10263061523
2018,04,22,0,154,419,1111,132206.89205169678
2018,04,22,1,154,419,1111,132209.9476852417
2018,04,22,2,154,420,1113,132295.33834075928
2018,04,22,3,154,420,1114,132332.09707641602
2018,04,22,4,154,419,1112,132423.67302703857
2018,04,22,5,154,419,1112,132105.0107574463
2018,04,22,6,154,419,1113,132507.09635925293
2018,04,22,7,154,419,1112,132554.4062347412
2018,04,22,8,156,420,1115,132624.24076080322
2018,04,22,9,156,420,1114,132652.8166656494
2018,04,22,10,156,419,1114,132706.57093811035
2018,04,22,11,156,419,1114,132760.2829284668
2018,04,22,12,156,419,1114,132810.96704101562
2018,04,22,13,156,420,1115,132873.65474700928
2018,04,22,14,156,420,1115,132912.68657684326
2018,04,22,15,157,419,1114,132956.01634979248
2018,04,22,16,157,419,1114,132998.01762390137
2018,04,22,17,157,419,1122,133087.09419250488
2018,04,22,18,157,419,1122,133157.38737487793
2018,04,22,19,157,420,1123,133253.06185150146
2018,04,22,20,157,421,1123,133415.82244873047
2018,04,22,21,157,421,1123,133661.3703918457
2018,04,22,22,157,421,1123,133793.28913116455
2018,04,22,23,157,420,1122,133872.33178710938
2018,04,23,0,157,420,1122,133930.3801422119
2018,04,23,1,157,419,1121,134315.4517211914
2018,04,23,2,157,419,1132,134821.75121307373
2018,04,23,3,157,419,1132,135008.09658813477
2018,04,23,4,157,419,1134,135118.5249710083
2018,04,23,5,157,419,1134,134892.39543914795
2018,04,23,6,157,419,1132,135754.11470794678
2018,04,23,7,157,419,1122,136053.64247894287
2018,04,23,8,157,419,1122,136461.5889892578
2018,04,23,9,157,419,1122,136874.78717041016
2018,04,23,10,157,420,1123,137276.06172180176
2018,04,23,11,157,419,1121,137337.53225708008
2018,04,23,12,157,417,1119,137352.6168899536
2018,04,23,13,157,417,1119,137381.1269378662
2018,04,23,14,157,417,1119,137458.26906585693
2018,04,23,15,157,417,1125,137422.72073364258
2018,04,23,16,157,417,1125,135459.42808532715
2018,04,23,17,158,417,1125,132773.90062713623
2018,04,23,18,159,417,1126,132752.16943359375
2018,04,23,19,160,417,1126,132520.57780456543
2018,04,23,20,159,416,1125,130957.4546585083
2018,04,23,21,159,416,1125,128805.42094421387
2018,04,23,22,159,416,1125,128832.31454467773
2018,04,23,23,159,416,1125,128880.33144378662
2018,04,24,0,160,416,1126,128933.68891906738
2018,04,24,1,160,416,1125,128954.54962921143
2018,04,24,2,160,416,1125,129064.73713684082
2018,04,24,3,160,416,1125,129121.76917266846
2018,04,24,4,160,417,1126,129165.64781188965
2018,04,24,5,160,417,1126,128820.99951934814
2018,04,24,6,160,417,1137,129403.61441802979
2018,04,24,7,160,417,1148,129553.01279449463
2018,04,24,8,160,417,1148,129584.05431365967
2018,04,24,9,160,417,1148,129644.3670501709
2018,04,24,10,160,417,1148,129702.37845611572
2018,04,24,11,160,417,1148,129756.36555480957
2018,04,24,12,161,420,1151,129831.66502380371
2018,04,24,13,161,421,1154,129867.66574859619
2018,04,24,14,161,422,1155,129872.01502227783
2018,04,24,15,161,423,1157,130029.50192260742
2018,04,24,16,161,423,1157,130528.43202972412
2018,04,24,17,161,423,1156,130638.55895233154
2018,04,24,18,161,427,1161,130793.45429992676
2018,04,24,19,160,426,1159,127121.07746887207
2018,04,24,20,161,427,1162,123287.51524353027
2018,04,24,21,162,428,1151,119492.10025024414
2018,04,24,22,161,428,1151,116137.0712966919
2018,04,24,23,161,428,1150,112357.43955993652
2018,04,25,0,162,429,1120,109059.07978820801
2018,04,25,1,162,429,1112,106012.2905960083
2018,04,25,2,163,426,1118,105104.1498413086
2018,04,25,3,163,426,1117,105533.57006072998
2018,04,25,4,163,426,1117,106044.40293121338
2018,04,25,5,163,427,1099,106203.66188812256
2018,04,25,6,163,427,1082,107207.79582977295
2018,04,25,7,163,427,1082,107716.55187225342
2018,04,25,8,163,427,1082,108382.3786239624
2018,04,25,9,163,427,1082,108558.87523651123
2018,04,25,10,163,428,1083,108758.83248138428
2018,04,25,11,164,428,1088,108927.74029541016
2018,04,25,12,164,428,1078,109113.86024475098
2018,04,25,13,164,428,1078,109236.28771209717
2018,04,25,14,164,428,1088,109324.69326782227
2018,04,25,15,165,428,1060,109430.84699249268
2018,04,25,16,165,426,1061,109833.4026184082
2018,04,25,17,165,426,1060,110278.2534866333
2018,04,25,18,165,427,1061,110559.9561843872
2018,04,25,19,165,428,1063,109505.87637329102
2018,04,25,20,165,428,1060,109591.17498016357
2018,04,25,21,165,428,1060,109893.58312225342
2018,04,25,22,165,427,1059,109901.51412200928
2018,04,25,23,164,426,1058,109950.06423950195
2018,04,26,0,165,426,1058,109984.06948852539
2018,04,26,1,165,426,1054,110026.9351272583
2018,04,26,2,165,426,1054,110108.84580230713
2018,04,26,3,165,425,1053,110164.81170654297
2018,04,26,4,165,425,1053,110209.49576568604
2018,04,26,5,165,425,1054,109886.35691833496
2018,04,26,6,165,425,1065,110341.94746398926
2018,04,26,7,165,425,1068,110337.51961517334
2018,04,26,8,164,425,1068,110392.2749633789
2018,04,26,9,164,425,1068,110428.44750213623
2018,04,26,10,164,425,1058,110735.69970703125
2018,04,26,11,164,425,1058,111522.76915740967
2018,04,26,12,164,425,1058,112274.28159332275
2018,04,26,13,164,425,1057,112480.36749267578
2018,04,26,14,165,425,1057,112527.22260284424
2018,04,26,15,166,425,1058,112572.90580749512
2018,04,26,16,166,425,1057,112618.9760131836
2018,04,26,17,166,425,1057,112681.2453994751
2018,04,26,18,166,425,1059,110892.22784423828
2018,04,26,19,166,425,1060,106603.61912536621
2018,04,26,20,166,424,1059,102655.1508102417
2018,04,26,21,166,424,1060,99172.55545806885
2018,04,26,22,166,423,1059,98612.1100692749
2018,04,26,23,149,388,949,93676.2834777832
2018,04,27,0,167,427,1068,98907.17626190186
2018,04,27,1,167,427,1068,98938.15586853027
2018,04,27,2,167,428,1068,99006.77449798584
2018,04,27,3,167,427,1067,98993.93368530273
2018,04,27,4,167,427,1068,99023.21648406982
2018,04,27,5,167,427,1068,98710.76181793213
2018,04,27,6,167,427,1068,99128.0207824707
2018,04,27,7,167,427,1068,99161.59758758545
2018,04,27,8,167,427,1068,99214.69960021973
2018,04,27,9,168,427,1068,99276.23278045654
2018,04,27,10,168,428,1069,99316.25336456299
2018,04,27,11,169,428,1069,99375.78413391113
2018,04,27,12,170,428,1069,99419.20952606201
2018,04,27,13,170,428,1069,99415.52359771729
2018,04,27,14,170,428,1069,99437.45901489258
2018,04,27,15,170,429,1070,99600.14426422119
2018,04,27,16,171,430,1071,99800.47004699707
2018,04,27,17,171,430,1071,99640.52035522461
2018,04,27,18,171,430,1076,99699.30506134033
2018,04,27,19,171,430,1080,99620.9412765503
2018,04,27,20,171,430,1082,99548.52749633789
2018,04,27,21,171,430,1079,100067.77958679199
2018,04,27,22,171,430,1078,100242.51010131836
2018,04,27,23,171,430,1078,100560.85540771484
2018,04,28,0,171,430,1124,100842.76097106934
2018,04,28,1,171,431,1135,101155.01834106445
2018,04,28,2,171,431,1124,101501.2852859497
2018,04,28,3,171,431,1125,101973.54789733887
2018,04,28,4,171,430,1124,102318.27213287354
2018,04,28,5,171,430,1123,102252.5287475586
2018,04,28,6,171,430,1123,102794.24172973633
2018,04,28,7,171,430,1123,102818.57015991211
2018,04,28,8,171,430,1122,102905.69147491455
2018,04,28,9,171,430,1122,102901.09233093262
2018,04,28,10,171,430,1123,102936.78714752197
2018,04,28,11,171,430,1123,102966.67959594727
2018,04,28,12,171,430,1124,103008.05541229248
2018,04,28,13,171,430,1123,103016.22166442871
2018,04,28,14,171,430,1123,103047.20742797852
2018,04,28,15,171,431,1124,103066.31172943115
2018,04,28,16,171,431,1125,103089.63843536377
2018,04,28,17,171,431,1135,103112.71656036377
2018,04,28,18,171,431,1146,103151.0157546997
2018,04,28,19,171,431,1146,103178.0750579834
2018,04,28,20,170,430,1145,103219.14231872559
2018,04,28,21,170,430,1145,103294.12841033936
2018,04,28,22,170,430,1146,103387.3009109497
2018,04,28,23,170,430,1146,103609.03646850586
2018,04,29,0,170,430,1146,103847.50218200684
2018,04,29,1,170,430,1146,103586.74777984619
2018,04,29,2,170,430,1146,103832.8578414917
2018,04,29,3,170,430,1146,103388.96509552002
2018,04,29,4,170,430,1146,103620.31289672852
2018,04,29,5,170,430,1146,103474.98421478271
2018,04,29,6,170,430,1146,104017.08740997314
2018,04,29,7,170,430,1146,104093.26306915283
2018,04,29,8,170,430,1146,102898.96988677979
2018,04,29,9,170,430,1146,102914.62168121338
2018,04,29,10,170,430,1146,102930.42391204834
2018,04,29,11,170,430,1146,102992.08235168457
2018,04,29,12,170,430,1146,103000.75734710693
2018,04,29,13,170,430,1135,103033.79344940186
2018,04,29,14,170,430,1135,103084.32005310059
2018,04,29,15,170,430,1135,103101.40377807617
2018,04,29,16,170,430,1135,103186.78228759766
2018,04,29,17,170,431,1137,103262.16255950928
2018,04,29,18,170,431,1138,103453.82683563232
2018,04,29,19,170,431,1137,103391.45338439941
2018,04,29,20,170,431,1137,103449.9658203125
2018,04,29,21,170,431,1138,103530.026222229
2018,04,29,22,170,431,1137,103534.57462310791
2018,04,29,23,170,431,1137,103613.48969268799
2018,04,30,0,170,432,1139,104502.98899078369
2018,04,30,1,170,432,1138,105234.22281646729
2018,04,30,2,170,432,1138,105455.47019958496
2018,04,30,3,170,432,1138,105556.34033966064
2018,04,30,4,170,432,1138,104183.62516021729
2018,04,30,5,170,432,1138,100958.5816040039
2018,04,30,6,170,432,1138,101394.9584197998
2018,04,30,7,170,432,1138,101512.19049835205
2018,04,30,8,170,432,1138,101796.63102722168
2018,04,30,9,170,432,1138,102005.5874786377
2018,04,30,10,170,433,1140,102290.31952667236
2018,04,30,11,171,433,1138,102784.67855072021
2018,04,30,12,171,433,1138,103264.59128570557
2018,04,30,13,171,433,1134,103782.41856384277
2018,04,30,14,171,433,1136,104345.05043792725
2018,04,30,15,171,433,1136,104657.6252746582
2018,04,30,16,172,434,1137,104713.9005203247
2018,04,30,17,172,434,1159,104692.23697662354
2018,04,30,18,172,435,1164,104905.05391693115
2018,04,30,19,172,435,1167,105532.68449401855
2018,04,30,20,172,435,1168,105546.37739562988
2018,04,30,21,172,436,1169,105697.0004272461
2018,04,30,22,172,436,1169,105737.3564376831
2018,04,30,23,172,436,1171,105813.88953399658
2018,05,01,0,172,436,1171,105901.09926605225
2018,05,01,1,172,436,1171,105955.04865264893
2018,05,01,2,172,436,1170,105974.95178222656
2018,05,01,3,172,437,1172,106044.04208374023
2018,05,01,4,172,437,1172,106101.784324646
2018,05,01,5,171,435,1170,105818.12799835205
2018,05,01,6,171,435,1170,106205.53932952881
2018,05,01,7,171,435,1171,106282.2053527832
2018,05,01,8,171,435,1171,106332.6442565918
2018,05,01,9,171,434,1169,106328.6803894043
2018,05,01,10,171,434,1170,106383.29847717285
2018,05,01,11,171,434,1170,106426.06122589111
2018,05,01,12,171,434,1169,106468.44450378418
2018,05,01,13,171,434,1169,106447.93325805664
2018,05,01,14,171,433,1169,106494.44165802002
2018,05,01,15,171,433,1159,106693.14077758789
2018,05,01,16,171,435,1161,106989.16931915283
2018,05,01,17,171,435,1150,107239.42328643799
2018,05,01,18,171,434,1148,107794.06129455566
2018,05,01,19,172,434,1148,108261.84098815918
2018,05,01,20,172,433,1146,108797.4312210083
2018,05,01,21,172,433,1146,109291.8461227417
2018,05,01,22,172,433,1146,109585.34928894043
2018,05,01,23,172,433,1146,110117.5922241211
2018,05,02,0,172,438,1191,108094.95346832275
2018,05,02,1,172,438,1191,106988.08977508545
2018,05,02,2,172,438,1191,107127.92485809326
2018,05,02,3,172,438,1191,107588.8189239502
2018,05,02,4,172,438,1191,108050.95330810547
2018,05,02,5,172,438,1192,108142.52119445801
2018,05,02,6,172,438,1191,108913.50756835938
2018,05,02,7,172,438,1202,108944.9369430542
2018,05,02,8,171,439,1206,107393.97454833984
2018,05,02,9,171,439,1186,107308.90913391113
2018,05,02,10,171,439,1197,107354.27730560303
2018,05,02,11,171,438,1204,107386.54947662354
2018,05,02,12,171,438,1206,107532.78009033203
2018,05,02,13,171,437,1183,107771.0818939209
2018,05,02,14,171,437,1184,107532.51652526855
2018,05,02,15,171,438,1184,107616.32801055908
2018,05,02,16,171,438,1173,107680.81298065186
2018,05,02,17,170,438,1173,108068.41064453125
2018,05,02,18,170,438,1140,108338.20933532715
2018,05,02,19,103,245,682,52750.75122833252
2018,05,02,20,171,441,1111,107636.76567077637
2018,05,02,21,171,441,1111,107834.95478820801
2018,05,02,22,171,442,1112,107995.52392578125
2018,05,02,23,171,442,1110,108249.3744354248
2018,05,03,0,171,442,1110,108395.20553588867
2018,05,03,1,171,442,1110,108601.73610687256
2018,05,03,2,171,442,1111,108958.66119384766
2018,05,03,3,171,442,1112,109254.8943862915
2018,05,03,4,171,442,1109,109504.48085021973
2018,05,03,5,171,442,1109,109479.11992645264
2018,05,03,6,171,442,1110,110039.4171295166
2018,05,03,7,171,443,1112,110268.12005615234
2018,05,03,8,171,443,1110,110437.53918457031
2018,05,03,9,172,443,1122,109369.24712371826
2018,05,03,10,172,444,1123,109484.74564361572
2018,05,03,11,173,444,1123,109502.2342376709
2018,05,03,12,172,446,1125,109549.73135375977
2018,05,03,13,172,446,1126,109302.1469116211
2018,05,03,14,173,446,1126,109652.64178466797
2018,05,03,15,173,446,1148,109825.01885986328
2018,05,03,16,173,447,1148,109477.4228515625
2018,05,03,17,173,449,1161,109622.26822662354
2018,05,03,18,175,449,1162,109642.33955383301
2018,05,03,19,174,450,1171,109679.94680023193
2018,05,03,20,173,450,1168,109700.06503295898
2018,05,03,21,173,451,1163,109842.30693817139
2018,05,03,22,174,452,1175,109871.63719177246
2018,05,03,23,174,452,1175,109912.20696258545
2018,05,04,0,174,455,1208,110713.45556640625
2018,05,04,1,174,455,1209,110743.88747406006
2018,05,04,2,175,455,1208,110810.88844299316
2018,05,04,3,175,455,1208,110877.1277999878
2018,05,04,4,175,456,1209,110912.85179138184
2018,05,04,5,175,456,1209,110654.61001586914
2018,05,04,6,176,458,1212,111044.06204223633
2018,05,04,7,176,458,1213,111148.89627075195
2018,05,04,8,176,458,1216,111265.80293273926
2018,05,04,9,175,459,1218,111319.2085571289
2018,05,04,10,175,458,1217,111398.83847808838
2018,05,04,11,175,458,1217,111487.16330718994
2018,05,04,12,176,458,1218,111526.1660079956
2018,05,04,13,174,455,1217,111568.38692474365
2018,05,04,14,173,456,1217,111621.13123321533
2018,05,04,15,169,434,1175,109621.94194030762
2018,05,04,16,174,457,1229,111761.9224319458
2018,05,04,17,159,423,1110,105379.7498550415
2018,05,04,18,173,458,1241,111856.46231842041
2018,05,04,19,173,457,1240,111866.16830444336
2018,05,04,20,173,457,1240,112035.21360778809
2018,05,04,21,173,457,1240,112045.45950317383
2018,05,04,22,172,456,1239,112127.57111358643
2018,05,04,23,172,456,1239,112249.3024520874
2018,05,05,0,173,457,1264,112396.04693603516
2018,05,05,1,173,457,1265,112599.07637786865
2018,05,05,2,173,457,1276,112848.47811126709
2018,05,05,3,173,457,1276,112392.36561584473
2018,05,05,4,173,457,1276,112532.03090667725
2018,05,05,5,173,457,1276,112349.92308807373
2018,05,05,6,173,457,1288,112819.23213195801
2018,05,05,7,173,457,1287,113025.57339477539
2018,05,05,8,173,457,1287,113126.9006729126
2018,05,05,9,173,457,1287,113277.60480499268
2018,05,05,10,173,457,1287,113311.23161315918
2018,05,05,11,173,457,1287,113320.87989807129
2018,05,05,12,173,457,1287,113334.28187561035
2018,05,05,13,173,457,1299,113331.36580657959
2018,05,05,14,173,457,1298,113361.69400024414
2018,05,05,15,173,457,1199,113169.83979797363
2018,05,05,16,173,457,1221,113204.2333908081
2018,05,05,17,173,457,1212,113228.34869384766
2018,05,05,18,173,457,1211,113377.49911499023
2018,05,05,19,173,457,1211,113475.27732849121
2018,05,05,20,173,457,1211,113626.92812347412
2018,05,05,21,174,457,1211,113933.41703033447
2018,05,05,22,174,457,1211,114281.25953674316
2018,05,05,23,174,457,1211,114564.9880065918
2018,05,06,0,174,457,1210,114862.31282043457
2018,05,06,1,174,457,1210,115120.43782806396
2018,05,06,2,174,457,1211,115388.90209197998
2018,05,06,3,174,457,1211,115630.30107879639
2018,05,06,4,174,457,1211,115870.21682739258
2018,05,06,5,174,457,1211,115810.75034332275
2018,05,06,6,174,457,1210,116336.58252716064
2018,05,06,7,174,457,1211,116602.6283569336
2018,05,06,8,174,457,1210,116812.22360229492
2018,05,06,9,174,457,1211,117110.6238937378
2018,05,06,10,174,457,1210,117394.01468658447
2018,05,06,11,174,457,1211,117623.91396331787
2018,05,06,12,174,457,1210,117883.56044006348
2018,05,06,13,174,457,1211,118146.7664642334
2018,05,06,14,174,457,1211,118377.71515655518
2018,05,06,15,174,457,1211,118608.90425109863
2018,05,06,16,174,457,1222,118843.65522003174
2018,05,06,17,174,457,1222,119066.6110458374
2018,05,06,18,174,457,1221,119292.22536468506
2018,05,06,19,174,457,1221,119539.90211486816
2018,05,06,20,174,457,1221,119733.74277496338
2018,05,06,21,174,457,1222,119974.18614196777
2018,05,06,22,174,457,1222,120282.99378967285
2018,05,06,23,174,457,1221,120526.08693695068
2018,05,07,0,174,457,1221,120604.19093322754
2018,05,07,1,174,457,1221,120639.44397735596
2018,05,07,2,175,457,1232,120662.12929534912
2018,05,07,3,175,457,1232,120682.0792388916
2018,05,07,4,175,458,1222,120762.96933746338
2018,05,07,5,175,459,1223,120460.62921142578
2018,05,07,6,176,459,1224,120802.22018432617
2018,05,07,7,176,459,1236,120786.26107025146
2018,05,07,8,176,459,1235,120815.34223175049
2018,05,07,9,176,457,1244,120861.85060119629
2018,05,07,10,176,457,1245,120964.31867980957
2018,05,07,11,176,457,1247,121086.03672790527
2018,05,07,12,176,458,1246,121150.86260223389
2018,05,07,13,176,458,1248,121586.95156860352
2018,05,07,14,177,460,1251,121408.37477111816
2018,05,07,15,177,459,1265,120472.52119445801
2018,05,07,16,178,458,1263,120960.98922729492
2018,05,07,17,178,459,1266,121434.45217895508
2018,05,07,18,178,458,1275,122245.83554840088
2018,05,07,19,179,460,1272,122665.28594207764
2018,05,07,20,179,460,1272,123087.9213180542
2018,05,07,21,179,459,1271,123437.7201385498
2018,05,07,22,179,459,1271,123529.46193695068
2018,05,07,23,179,459,1271,123592.7508392334
2018,05,08,0,179,459,1288,121914.12209320068
2018,05,08,1,179,459,1288,122037.12998199463
2018,05,08,2,179,459,1288,122666.76641082764
2018,05,08,3,179,459,1291,123157.94815826416
2018,05,08,4,179,459,1278,123784.10707092285
2018,05,08,5,179,459,1279,123916.15131378174
2018,05,08,6,179,459,1190,124189.41409301758
2018,05,08,7,178,459,1182,124214.17431640625
2018,05,08,8,178,460,1172,124198.43185424805
2018,05,08,9,178,462,1177,124242.49356842041
2018,05,08,10,178,462,1183,124330.42063903809
2018,05,08,11,178,462,1184,124384.52620697021
2018,05,08,12,178,462,1185,123887.45943450928
2018,05,08,13,179,464,1188,121824.84481811523
2018,05,08,14,180,464,1185,122189.92178344727
2018,05,08,15,179,463,1183,122303.18711090088
2018,05,08,16,179,463,1176,122830.91850280762
2018,05,08,17,179,463,1176,123503.29210662842
2018,05,08,18,180,463,1175,124243.74431610107
2018,05,08,19,180,461,1173,124951.25704956055
2018,05,08,20,180,461,1173,125700.02151489258
2018,05,08,21,180,461,1173,124603.74767303467
2018,05,08,22,180,461,1173,124529.70742797852
2018,05,08,23,180,461,1173,125508.16365814209
2018,05,09,0,183,467,1270,126849.02445220947
2018,05,09,1,184,469,1272,128111.7659072876
2018,05,09,2,184,468,1272,129382.71044921875
2018,05,09,3,184,469,1273,130554.29007720947
2018,05,09,4,184,470,1296,131978.26460266113
2018,05,09,5,184,470,1265,132524.52925872803
2018,05,09,6,184,470,1242,133529.49417877197
2018,05,09,7,184,470,1244,134062.47407531738
2018,05,09,8,185,470,1243,134519.65978240967
2018,05,09,9,185,471,1267,135246.3122406006
2018,05,09,10,185,473,1279,135811.6757659912
2018,05,09,11,185,473,1256,136473.49698638916
2018,05,09,12,185,473,1256,137204.48072052002
2018,05,09,13,185,473,1259,137967.5305709839
2018,05,09,14,185,475,1250,138620.8074951172
2018,05,09,15,185,475,1249,139456.0714416504
2018,05,09,16,185,475,1240,136820.65385437012
2018,05,09,17,184,475,1261,137121.74105072021
2018,05,09,18,184,475,1268,136907.1911392212
2018,05,09,19,184,476,1268,137074.52285766602
2018,05,09,20,185,475,1266,137362.84162139893
2018,05,09,21,185,475,1266,137573.00536346436
2018,05,09,22,185,475,1266,138000.4239654541
2018,05,09,23,185,475,1266,138468.55239868164
2018,05,10,0,185,479,1393,139032.66593933105
2018,05,10,1,185,481,1396,139441.94263458252
2018,05,10,2,185,481,1395,139995.19915008545
2018,05,10,3,185,481,1395,140475.2329788208
2018,05,10,4,185,482,1407,140977.90473937988
2018,05,10,5,186,482,1408,140948.2878112793
2018,05,10,6,186,483,1397,141476.21864318848
2018,05,10,7,186,483,1303,141768.6105041504
2018,05,10,8,186,484,1326,142075.32291412354
2018,05,10,9,186,483,1338,142238.3489151001
2018,05,10,10,186,484,1395,141909.13986206055
2018,05,10,11,186,484,1383,142138.8214111328
2018,05,10,12,187,484,1384,142489.2597808838
2018,05,10,13,187,484,1351,142536.6805343628
2018,05,10,14,187,485,1351,142458.68578338623
2018,05,10,15,187,485,1307,142611.43227386475
2018,05,10,16,187,485,1295,142803.29290771484
2018,05,10,17,186,485,1262,142993.53426361084
2018,05,10,18,187,486,1264,143024.0351638794
2018,05,10,19,129,334,795,81188.49980163574
2018,05,10,20,187,485,1284,144653.4427871704
2018,05,10,21,187,485,1254,145986.40939331055
2018,05,10,22,188,485,1267,145776.01430511475
2018,05,10,23,187,483,1246,146488.60138702393
2018,05,11,0,188,485,1319,147114.21752929688
2018,05,11,1,188,484,1338,147495.4556274414
2018,05,11,2,188,485,1317,147994.8684616089
2018,05,11,3,188,484,1314,148335.24019622803
2018,05,11,4,188,484,1326,148659.40587615967
2018,05,11,5,188,484,1370,148698.15464019775
2018,05,11,6,188,484,1234,149403.2014312744
2018,05,11,7,188,484,1232,149738.6851425171
2018,05,11,8,188,484,1232,150131.7652130127
2018,05,11,9,188,485,1266,150457.91817474365
2018,05,11,10,188,486,1278,149962.6631011963
2018,05,11,11,188,484,1299,150320.50354003906
2018,05,11,12,188,484,1256,150895.2574081421
2018,05,11,13,189,485,1278,150841.2110671997
2018,05,11,14,189,484,1267,149537.49029541016
2018,05,11,15,189,484,1291,148695.26622009277
2018,05,11,16,189,484,1292,148715.35765075684
2018,05,11,17,189,483,1291,148185.5118560791
2018,05,11,18,189,484,1316,148359.21800231934
2018,05,11,19,190,485,1305,148437.79594421387
2018,05,11,20,190,485,1305,148675.05814361572
2018,05,11,21,190,485,1294,148821.7407836914
2018,05,11,22,190,485,1239,148700.4741821289
2018,05,11,23,190,481,1235,148865.770362854
2018,05,12,0,191,485,1353,144686.4567642212
2018,05,12,1,191,485,1341,141335.25679779053
2018,05,12,2,191,485,1341,137337.13054656982
2018,05,12,3,191,485,1341,136685.82008361816
2018,05,12,4,191,485,1332,136753.83535003662
2018,05,12,5,191,485,1321,136782.84115600586
2018,05,12,6,191,485,1344,136851.10382843018
2018,05,12,7,191,485,1343,137084.80078125
2018,05,12,8,191,485,1343,137533.7968826294
2018,05,12,9,191,485,1343,137635.73161315918
2018,05,12,10,191,485,1342,137680.9870376587
2018,05,12,11,191,485,1342,137754.23040008545
2018,05,12,12,191,485,1354,138166.52820587158
2018,05,12,13,191,485,1365,138753.1126022339
2018,05,12,14,191,485,1365,139275.25926208496
2018,05,12,15,191,485,1255,139866.99172210693
2018,05,12,16,191,485,1255,140134.5305633545
2018,05,12,17,191,485,1266,140745.3438873291
2018,05,12,18,191,485,1255,141114.15158081055
2018,05,12,19,191,485,1254,141543.47060394287
2018,05,12,20,191,485,1266,142395.94229888916
2018,05,12,21,191,485,1255,142996.2074356079
2018,05,12,22,191,485,1255,143158.07666015625
2018,05,12,23,191,485,1266,143236.84855651855
2018,05,13,0,191,485,1255,143352.1109008789
2018,05,13,1,191,485,1255,143454.10275268555
2018,05,13,2,191,485,1255,143010.90823364258
2018,05,13,3,191,485,1255,143337.76322937012
2018,05,13,4,191,485,1255,143655.71787261963
2018,05,13,5,191,485,1255,143801.14513397217
2018,05,13,6,191,485,1256,143867.03134155273
2018,05,13,7,191,485,1255,143928.03018188477
2018,05,13,8,191,485,1266,144017.1191329956
2018,05,13,9,191,485,1255,144084.01434326172
2018,05,13,10,191,485,1255,144163.70098876953
2018,05,13,11,191,485,1266,144229.42306518555
2018,05,13,12,191,485,1256,144291.9056930542
2018,05,13,13,191,485,1255,144379.49321746826
2018,05,13,14,191,485,1266,144443.11680603027
2018,05,13,15,191,485,1266,144513.57878875732
2018,05,13,16,191,485,1266,144598.72734069824
2018,05,13,17,191,485,1266,144673.51699829102
2018,05,13,18,190,484,1256,144763.23699188232
2018,05,13,19,190,484,1255,144805.2428894043
2018,05,13,20,190,484,1256,144685.46102905273
2018,05,13,21,190,484,1256,142745.93072509766
2018,05,13,22,190,484,1256,143178.93074035645
2018,05,13,23,190,485,1257,143474.6477279663
2018,05,14,0,191,485,1260,143737.55144500732
2018,05,14,1,190,485,1257,144159.47689056396
2018,05,14,2,190,485,1258,144569.03211212158
2018,05,14,3,190,485,1258,145068.50356292725
2018,05,14,4,190,485,1258,145521.67750549316
2018,05,14,5,190,485,1258,145890.6415939331
2018,05,14,6,189,484,1270,146178.1639251709
2018,05,14,7,189,484,1258,146517.2056274414
2018,05,14,8,189,484,1258,146833.3102874756
2018,05,14,9,189,487,1261,147160.015335083
2018,05,14,10,189,487,1261,147415.90106201172
2018,05,14,11,189,488,1275,147752.86206817627
2018,05,14,12,189,488,1275,147973.02989959717
2018,05,14,13,189,487,1272,147627.57661437988
2018,05,14,14,189,487,1274,147992.02005767822
2018,05,14,15,188,488,1251,148303.41883087158
2018,05,14,16,188,492,1268,148610.24313354492
2018,05,14,17,168,463,1027,116867.10801696777
2018,05,14,18,190,491,1259,148597.7396850586
2018,05,14,19,190,491,1233,147952.39722442627
2018,05,14,20,190,491,1233,147742.73918914795
2018,05,14,21,190,490,1232,148097.17475128174
2018,05,14,22,190,490,1209,148461.46687316895
2018,05,14,23,189,489,1208,148723.720413208
2018,05,15,0,190,490,1266,148993.13980865479
2018,05,15,1,190,490,1281,149069.2912979126
2018,05,15,2,190,490,1282,149231.8173980713
2018,05,15,3,190,490,1283,149363.64776611328
2018,05,15,4,190,490,1252,149565.14102172852
2018,05,15,5,190,491,1250,150401.88218688965
2018,05,15,6,190,491,1240,150960.1987991333
2018,05,15,7,191,493,1245,151477.2480316162
2018,05,15,8,191,495,1250,151639.14673614502
2018,05,15,9,191,495,1261,151752.22734832764
2018,05,15,10,191,496,1239,151732.0062637329
2018,05,15,11,191,496,1239,151808.64867401123
2018,05,15,12,191,495,1225,151807.7075881958
2018,05,15,13,191,495,1221,151796.99751281738
2018,05,15,14,191,495,1233,151884.7095489502
2018,05,15,15,191,495,1231,152479.02018737793
2018,05,15,16,190,495,1231,153726.83599853516
2018,05,15,17,190,495,1231,154076.90839385986
2018,05,15,18,190,495,1230,154312.40023040771
2018,05,15,19,190,494,1227,154644.34120178223
2018,05,15,20,190,494,1226,154790.28085327148
2018,05,15,21,192,494,1215,154837.48384094238
2018,05,15,22,191,494,1215,154897.91339874268
2018,05,15,23,190,493,1214,155003.94470977783
2018,05,16,0,192,500,1245,155086.88844299316
2018,05,16,1,193,500,1243,155160.68297576904
2018,05,16,2,193,499,1241,155440.3168182373
2018,05,16,3,193,498,1241,155605.42678833008
2018,05,16,4,194,498,1240,155733.94442749023
2018,05,16,5,194,498,1252,155869.8724746704
2018,05,16,6,194,497,1242,155991.44774627686
2018,05,16,7,195,499,1245,155969.62631988525
2018,05,16,8,195,499,1245,155898.22693634033
2018,05,16,9,195,500,1257,155997.8201904297
2018,05,16,10,195,500,1257,155719.15294647217
2018,05,16,11,195,500,1246,155834.64359283447
2018,05,16,12,196,500,1245,155926.58875274658
2018,05,16,13,196,502,1237,156040.87465667725
2018,05,16,14,196,503,1251,156142.88683319092
2018,05,16,15,197,502,1250,156229.02843475342
2018,05,16,16,196,502,1249,156308.6813583374
2018,05,16,17,196,502,1250,156666.48276519775
2018,05,16,18,197,503,1263,156988.86137390137
2018,05,16,19,197,503,1262,157253.88497924805
2018,05,16,20,197,503,1263,158014.89851379395
2018,05,16,21,197,504,1264,159166.82719421387
2018,05,16,22,197,503,1263,159239.2844467163
2018,05,16,23,196,504,1264,159540.59129333496
2018,05,17,0,196,504,1264,159817.9451828003
2018,05,17,1,196,504,1276,160609.8299560547
2018,05,17,2,196,503,1273,162035.59534454346
2018,05,17,3,196,503,1274,162901.80297088623
2018,05,17,4,196,503,1274,163704.7882232666
2018,05,17,5,196,503,1274,164497.0416946411
2018,05,17,6,196,503,1274,164848.45163726807
2018,05,17,7,196,502,1273,165332.6563949585
2018,05,17,8,196,502,1272,165829.90385437012
2018,05,17,9,197,503,1273,166108.4806137085
2018,05,17,10,197,501,1291,166366.938331604
2018,05,17,11,196,501,1302,166662.78568267822
2018,05,17,12,196,501,1281,166805.21350097656
2018,05,17,13,196,501,1259,167102.50720977783
2018,05,17,14,196,501,1259,167614.17908477783
2018,05,17,15,197,503,1271,168144.85005187988
2018,05,17,16,198,503,1270,168631.00830841064
2018,05,17,17,197,504,1272,169137.7917098999
2018,05,17,18,197,503,1283,169945.19702911377
2018,05,17,19,197,504,1226,170143.52727508545
2018,05,17,20,198,504,1240,169840.5258178711
2018,05,17,21,198,504,1240,170792.92324066162
2018,05,17,22,199,504,1239,171697.080619812
2018,05,17,23,198,504,1239,172254.35009002686
2018,05,18,0,198,506,1285,172539.855758667
2018,05,18,1,198,506,1285,172657.55923461914
2018,05,18,2,198,506,1285,172718.53887939453
2018,05,18,3,198,506,1285,172941.22497558594
2018,05,18,4,198,506,1286,173145.48976898193
2018,05,18,5,198,506,1286,173247.4150466919
2018,05,18,6,198,506,1298,173309.56297302246
2018,05,18,7,198,506,1287,173439.174369812
2018,05,18,8,199,506,1287,173552.30060577393
2018,05,18,9,199,506,1298,173703.18962097168
2018,05,18,10,199,507,1288,173815.46742248535
2018,05,18,11,199,507,1288,173910.94808197021
2018,05,18,12,199,507,1299,173474.9690475464
2018,05,18,13,199,508,1300,172967.1039505005
2018,05,18,14,198,508,1301,172992.60223388672
2018,05,18,15,199,506,1302,173305.66165161133
2018,05,18,16,199,506,1287,172435.39574432373
2018,05,18,17,198,506,1293,172816.51083374023
2018,05,18,18,198,504,1302,172019.43104553223
2018,05,18,19,198,504,1281,171879.89811706543
2018,05,18,20,198,504,1302,172085.8659362793
2018,05,18,21,198,505,1303,172426.84217834473
2018,05,18,22,198,505,1325,173589.13047027588
2018,05,18,23,199,507,1340,174493.84391021729
2018,05,19,0,199,507,1340,175220.52850341797
2018,05,19,1,199,508,1340,175689.57680511475
2018,05,19,2,199,509,1341,176324.31552124023
2018,05,19,3,199,509,1343,176861.40631866455
2018,05,19,4,200,509,1344,177233.11782073975
2018,05,19,5,200,510,1345,178544.57930755615
2018,05,19,6,201,510,1339,179255.72792053223
2018,05,19,7,201,510,1334,179458.20482635498
2018,05,19,8,201,510,1334,179623.6604309082
2018,05,19,9,201,510,1333,179764.97033691406
2018,05,19,10,201,510,1334,179833.93077850342
2018,05,19,11,201,510,1333,179968.6222229004
2018,05,19,12,201,510,1334,180068.12720489502
2018,05,19,13,201,510,1333,180183.13160705566
2018,05,19,14,201,510,1345,179742.63416290283
2018,05,19,15,201,510,1345,180082.38646697998
2018,05,19,16,201,510,1347,181338.10958099365
2018,05,19,17,201,510,1345,181861.16889190674
2018,05,19,18,201,510,1334,181885.04838562012
2018,05,19,19,201,510,1312,182146.90393066406
2018,05,19,20,201,510,1312,183164.7765045166
2018,05,19,21,201,510,1312,183396.52885437012
2018,05,19,22,201,510,1301,183367.00426483154
2018,05,19,23,201,510,1301,183368.90622711182
2018,05,20,0,201,510,1290,183294.4917831421
2018,05,20,1,201,510,1300,183361.19994354248
2018,05,20,2,201,510,1291,183503.90092468262
2018,05,20,3,201,510,1301,183529.39165496826
2018,05,20,4,201,511,1302,183542.01765441895
2018,05,20,5,201,511,1291,183571.39010620117
2018,05,20,6,201,512,1357,183592.33596038818
2018,05,20,7,202,512,1357,183658.62281036377
2018,05,20,8,202,512,1380,183677.83443450928
2018,05,20,9,202,512,1370,183711.5319290161
2018,05,20,10,202,513,1371,183709.9075088501
2018,05,20,11,202,513,1369,183890.68782806396
2018,05,20,12,202,513,1381,183932.02336120605
2018,05,20,13,202,513,1372,183981.19483947754
2018,05,20,14,202,513,1370,184037.46530151367
2018,05,20,15,202,513,1369,184117.33251190186
2018,05,20,16,202,513,1382,184258.44032287598
2018,05,20,17,202,513,1370,184297.38207244873
2018,05,20,18,202,513,1376,184350.53029632568
2018,05,20,19,202,513,1393,184375.49825286865
2018,05,20,20,202,513,1403,184335.55973815918
2018,05,20,21,202,513,1416,184404.93026733398
2018,05,20,22,202,512,1424,184599.9748840332
2018,05,20,23,202,512,1427,184698.9289703369
2018,05,21,0,202,513,1438,184833.11460113525
2018,05,21,1,202,513,1448,184506.20851898193
2018,05,21,2,202,513,1437,184889.92893218994
2018,05,21,3,202,513,1449,184878.59908294678
2018,05,21,4,203,513,1460,184934.6291885376
2018,05,21,5,203,513,1461,185040.71877288818
2018,05,21,6,203,514,1494,185119.5118560791
2018,05,21,7,203,514,1471,185248.29643249512
2018,05,21,8,203,514,1471,185359.80743408203
2018,05,21,9,203,513,1484,185641.26802062988
2018,05,21,10,203,514,1473,185795.5327911377
2018,05,21,11,203,513,1473,185964.3582458496
2018,05,21,12,203,513,1474,186073.58203125
2018,05,21,13,203,513,1483,186240.21863555908
2018,05,21,14,203,514,1482,186294.68017578125
2018,05,21,15,203,514,1471,185242.8454437256
2018,05,21,16,203,514,1473,185322.42043304443
2018,05,21,17,204,515,1498,185407.62390899658
2018,05,21,18,204,515,1510,185560.6914138794
2018,05,21,19,204,515,1533,185940.2314453125
2018,05,21,20,205,515,1540,186279.2096786499
2018,05,21,21,205,517,1577,186640.8740234375
2018,05,21,22,206,517,1599,187186.99684143066
2018,05,21,23,206,518,1601,187789.94331359863
2018,05,22,0,206,518,1599,187907.24404144287
2018,05,22,1,206,518,1601,187977.18157196045
2018,05,22,2,206,518,1600,188185.7389678955
2018,05,22,3,206,518,1622,188370.13688659668
2018,05,22,4,206,518,1643,188464.39601898193
2018,05,22,5,206,518,1665,188046.44216918945
2018,05,22,6,206,516,1690,188138.31358337402
2018,05,22,7,206,516,1690,188220.25151062012
2018,05,22,8,207,516,1679,186165.4900817871
2018,05,22,9,207,516,1669,186226.66422271729
2018,05,22,10,207,516,1669,186305.15872955322
2018,05,22,11,207,516,1561,186909.36669158936
2018,05,22,12,207,517,1564,187166.23677825928
2018,05,22,13,183,488,1173,152892.43463134766
2018,05,22,14,207,516,1541,186731.48321533203
2018,05,22,15,207,517,1558,187181.17385101318
2018,05,22,16,208,517,1559,187377.36099243164
2018,05,22,17,208,518,1559,187539.84033966064
2018,05,22,18,208,520,1572,187072.56929779053
2018,05,22,19,208,529,1597,186957.30040740967
2018,05,22,20,208,533,1600,187004.49760437012
2018,05,22,21,210,535,1614,187176.30814361572
2018,05,22,22,211,535,1603,187783.86053466797
2018,05,22,23,211,536,1617,188806.1536178589
2018,05,23,0,211,536,1622,189084.4397125244
2018,05,23,1,211,536,1658,189248.86431121826
2018,05,23,2,210,522,1640,189541.93530273438
2018,05,23,3,210,522,1641,189706.60396575928
2018,05,23,4,210,522,1640,189955.0530319214
2018,05,23,5,211,522,1639,190032.1923751831
2018,05,23,6,211,522,1640,190154.8045501709
2018,05,23,7,211,522,1651,190165.38621520996
2018,05,23,8,211,522,1652,190290.42711639404
2018,05,23,9,211,522,1653,190366.44631958008
2018,05,23,10,211,522,1652,190459.3967819214
2018,05,23,11,211,522,1650,190613.05084991455
2018,05,23,12,212,523,1673,190751.31217956543
2018,05,23,13,213,523,1695,190814.19312286377
2018,05,23,14,213,523,1708,191151.1380996704
2018,05,23,15,213,523,1729,191543.61392211914
2018,05,23,16,213,523,1729,191429.4201889038
2018,05,23,17,212,522,1662,181340.36079406738
2018,05,23,18,212,521,1625,181469.5112838745
2018,05,23,19,211,520,1535,181008.70587158203
2018,05,23,20,212,521,1625,181587.30725860596
2018,05,23,21,213,521,1625,181621.17512512207
2018,05,23,22,213,521,1625,181625.50635528564
2018,05,23,23,213,521,1625,181749.82245635986
2018,05,24,0,215,523,1734,182053.84618377686
2018,05,24,1,215,523,1734,182144.02799987793
2018,05,24,2,215,523,1723,182226.70515441895
2018,05,24,3,215,523,1723,182369.19758605957
2018,05,24,4,215,523,1710,182519.63078308105
2018,05,24,5,215,524,1711,182557.26971435547
2018,05,24,6,216,524,1689,182678.93907928467
2018,05,24,7,217,524,1613,183746.72772216797
2018,05,24,8,217,524,1599,181348.63417816162
2018,05,24,9,217,525,1600,181326.86602783203
2018,05,24,10,218,526,1610,181497.3949661255
2018,05,24,11,218,525,1573,181388.93561553955
2018,05,24,12,218,526,1563,181413.39517211914
2018,05,24,13,218,525,1571,181762.96425628662
2018,05,24,14,217,527,1573,182098.24548339844
2018,05,24,15,218,527,1584,182594.19960021973
2018,05,24,16,217,528,1586,182915.20959472656
2018,05,24,17,216,525,1586,183445.85083770752
2018,05,24,18,219,526,1586,183858.3950805664
2018,05,24,19,219,526,1589,184064.0402984619
2018,05,24,20,219,526,1610,184468.2710647583
2018,05,24,21,220,527,1611,184977.9712600708
2018,05,24,22,220,527,1611,185591.0516357422
2018,05,24,23,220,527,1611,185765.7342529297
2018,05,25,0,222,529,1616,186243.25730133057
2018,05,25,1,221,529,1618,186454.42868804932
2018,05,25,2,222,528,1618,186551.28727722168
2018,05,25,3,222,528,1616,186940.31029510498
2018,05,25,4,221,528,1618,186803.79989624023
2018,05,25,5,221,528,1618,186984.4443206787
2018,05,25,6,221,528,1623,187109.6925048828
2018,05,25,7,221,528,1623,187515.04139709473
2018,05,25,8,220,527,1611,187381.60249328613
2018,05,25,9,221,528,1613,187841.2652053833
2018,05,25,10,221,528,1610,188201.09746551514
2018,05,25,11,221,528,1624,188748.40724945068
2018,05,25,12,221,530,1664,189105.87954711914
2018,05,25,13,221,530,1655,188797.50959777832
2018,05,25,14,221,530,1658,187613.30995941162
2018,05,25,15,221,530,1669,187776.28231811523
2018,05,25,16,221,531,1683,187842.1976699829
2018,05,25,17,221,531,1694,187943.6199798584
2018,05,25,18,220,531,1702,187972.3928375244
2018,05,25,19,220,533,1760,188338.2802734375
2018,05,25,20,221,533,1749,188550.70431518555
2018,05,25,21,221,535,1763,188842.31198120117
2018,05,25,22,221,534,1771,189118.7901687622
2018,05,25,23,221,533,1770,189532.96479797363
2018,05,26,0,223,535,1816,190136.44245147705
2018,05,26,1,223,534,1825,190425.90715789795
2018,05,26,2,223,533,1836,190719.4933013916
2018,05,26,3,223,531,1823,191160.59770202637
2018,05,26,4,223,531,1823,191516.8229675293
2018,05,26,5,223,531,1823,191758.31128692627
2018,05,26,6,223,531,1825,192165.2304534912
2018,05,26,7,223,531,1823,192637.142036438
2018,05,26,8,223,531,1823,192920.02633666992
2018,05,26,9,223,531,1823,193182.8011856079
2018,05,26,10,223,531,1823,193452.5848083496
2018,05,26,11,223,531,1823,193690.50868225098
2018,05,26,12,223,531,1834,193967.30405426025
2018,05,26,13,223,531,1834,194279.31770324707
2018,05,26,14,223,532,1835,194519.00798034668
2018,05,26,15,223,532,1846,194704.81414794922
2018,05,26,16,223,532,1835,194952.62632751465
2018,05,26,17,223,532,1824,195217.16242980957
2018,05,26,18,223,532,1835,195474.10443115234
2018,05,26,19,223,532,1835,195738.87465667725
2018,05,26,20,223,532,1824,196106.63646697998
2018,05,26,21,223,532,1834,196388.56873321533
2018,05,26,22,223,532,1834,196428.66526031494
2018,05,26,23,223,532,1823,196539.6692047119
2018,05,27,0,223,532,1823,197794.0334777832
2018,05,27,1,223,532,1823,198033.28694152832
2018,05,27,2,223,532,1823,198079.72483825684
2018,05,27,3,223,532,1834,198169.61142730713
2018,05,27,4,223,532,1834,198195.98656463623
2018,05,27,5,223,532,1823,198212.66786956787
2018,05,27,6,223,532,1823,198263.31687164307
2018,05,27,7,223,532,1823,198255.37004852295
2018,05,27,8,223,532,1823,198301.67218780518
2018,05,27,9,223,532,1824,198310.8291015625
2018,05,27,10,223,532,1823,198362.4707183838
2018,05,27,11,223,532,1823,198383.24802398682
2018,05,27,12,223,532,1834,198371.0587310791
2018,05,27,13,223,532,1836,198434.32494354248
2018,05,27,14,223,532,1836,198446.85231018066
2018,05,27,15,223,532,1843,198505.23922729492
2018,05,27,16,223,532,1876,198511.1289138794
2018,05,27,17,223,532,1870,198532.35604858398
2018,05,27,18,223,532,1869,198532.47123718262
2018,05,27,19,224,532,1869,198534.77866363525
2018,05,27,20,224,532,1869,198559.0999069214
2018,05,27,21,224,532,1871,198650.9119720459
2018,05,27,22,224,531,1868,198817.67208862305
2018,05,27,23,224,531,1868,198950.32940673828
2018,05,28,0,224,531,1868,199070.63622283936
2018,05,28,1,224,531,1868,199099.3060913086
2018,05,28,2,224,531,1868,199171.8064956665
2018,05,28,3,224,531,1868,199253.1287689209
2018,05,28,4,224,531,1868,199306.04195404053
2018,05,28,5,224,531,1868,199296.14963531494
2018,05,28,6,224,531,1867,199331.1697921753
2018,05,28,7,224,531,1867,199396.0955810547
2018,05,28,8,224,533,1891,199428.5311203003
2018,05,28,9,224,533,1890,199436.1259841919
2018,05,28,10,224,533,1891,199519.7271347046
2018,05,28,11,224,533,1891,199503.7690963745
2018,05,28,12,224,533,1912,199576.85246276855
2018,05,28,13,224,532,1927,199490.10523986816
2018,05,28,14,224,533,1930,199478.947555542
2018,05,28,15,224,533,1930,199538.8524017334
2018,05,28,16,224,533,1930,199516.67181396484
2018,05,28,17,225,534,1942,199557.66960144043
2018,05,28,18,225,534,1931,199593.8232574463
2018,05,28,19,225,535,1932,199631.01428985596
2018,05,28,20,225,535,1944,199707.45441436768
2018,05,28,21,224,533,1941,199844.42763519287
2018,05,28,22,224,533,1930,199799.75582122803
2018,05,28,23,224,533,1930,199994.05435943604
2018,05,29,0,224,533,1942,200090.43725585938
2018,05,29,1,224,533,1942,200203.91621398926
2018,05,29,2,223,532,1938,198354.9737854004
2018,05,29,3,223,532,1927,198471.26930236816
2018,05,29,4,224,533,1939,198516.52098083496
2018,05,29,5,224,533,1939,198533.01712799072
2018,05,29,6,224,533,1928,198599.49313354492
2018,05,29,7,224,533,1929,198633.37984466553
2018,05,29,8,224,533,1928,198679.96402740479
2018,05,29,9,224,533,1929,198707.17882537842
2018,05,29,10,224,534,1941,198776.51956176758
2018,05,29,11,224,534,1964,198780.7276687622
2018,05,29,12,224,534,1975,198838.38694000244
2018,05,29,13,224,534,1964,198895.8712158203
2018,05,29,14,225,533,1942,198910.4372329712
2018,05,29,15,226,533,1941,198950.8875427246
2018,05,29,16,226,533,1954,196285.41762542725
2018,05,29,17,227,535,1946,195896.31735229492
2018,05,29,18,227,535,1928,194358.91500091553
2018,05,29,19,227,535,1950,193162.1515045166
2018,05,29,20,226,535,1972,193521.02813720703
2018,05,29,21,226,535,1972,193883.39263153076
2018,05,29,22,226,535,1972,194138.54425811768
2018,05,29,23,226,535,1972,194782.99990081787
2018,05,30,0,226,535,1996,195252.13704681396
2018,05,30,1,226,535,1986,195640.87310028076
2018,05,30,2,226,535,1997,195978.7261276245
2018,05,30,3,225,535,2016,197206.0947341919
2018,05,30,4,225,535,2017,198348.46825408936
2018,05,30,5,225,535,2027,199029.83852386475
2018,05,30,6,225,535,2028,198923.62702178955
2018,05,30,7,225,535,2028,198719.55657196045
2018,05,30,8,219,520,1970,195217.4426498413
2018,05,30,9,225,537,1998,199454.01797485352
2018,05,30,10,225,538,1995,199637.96988677979
2018,05,30,11,226,538,1985,199776.182762146
2018,05,30,12,226,538,1985,199804.70219421387
2018,05,30,13,228,538,2019,199900.54685211182
2018,05,30,14,228,538,2031,200640.82386779785
2018,05,30,15,228,538,2029,201682.27437591553
2018,05,30,16,228,538,2018,201864.67697143555
2018,05,30,17,228,539,2030,202066.45120239258
2018,05,30,18,228,538,2029,202761.40119171143
2018,05,30,19,228,538,2029,203025.76918792725
2018,05,30,20,228,538,2018,203197.11721801758
2018,05,30,21,228,538,2017,203467.52562713623
2018,05,30,22,228,538,2017,203963.42360687256
2018,05,30,23,228,538,2017,204563.0112991333
2018,05,31,0,228,538,2108,204930.66064453125
2018,05,31,1,228,538,2100,205217.70936584473
2018,05,31,2,228,538,2100,205484.8980102539
2018,05,31,3,228,539,2113,205845.01001739502
2018,05,31,4,228,539,2134,206204.84699249268
2018,05,31,5,227,538,2132,202763.26400756836
2018,05,31,6,228,538,2120,202627.19174957275
2018,05,31,7,228,538,2109,202406.08015441895
2018,05,31,8,228,538,2110,202694.9356765747
2018,05,31,9,228,538,2109,202539.5286026001
2018,05,31,10,228,538,2110,202790.43312072754
2018,05,31,11,229,538,2122,203111.6204071045
2018,05,31,12,229,538,2088,203402.881690979
2018,05,31,13,229,538,2059,203714.1064376831
2018,05,31,14,230,538,2066,204006.77006530762
2018,05,31,15,230,538,2062,204081.73765563965
2018,05,31,16,230,539,2060,204251.1113357544
2018,05,31,17,230,538,1960,204286.4821548462
2018,05,31,18,229,541,1966,204413.98788452148
2018,05,31,19,230,542,1976,204446.806640625
2018,05,31,20,230,542,1989,204384.99868774414
2018,05,31,21,230,542,1989,204559.0322189331
2018,05,31,22,230,542,2011,204641.52030944824
2018,05,31,23,231,542,2011,204862.4679031372
2018,06,01,0,231,543,2045,204937.13473510742
2018,06,01,1,232,544,2047,204981.33961486816
2018,06,01,2,232,544,2047,205133.8950958252
2018,06,01,3,232,544,2036,205426.34293365479
2018,06,01,4,232,545,2038,205492.7236175537
2018,06,01,5,232,545,2060,205363.15655517578
2018,06,01,6,232,545,2029,205291.09311676025
2018,06,01,7,231,545,2015,205405.45217132568
2018,06,01,8,232,546,2024,205601.81132507324
2018,06,01,9,232,547,2012,205432.64966583252
2018,06,01,10,232,548,1954,205008.4861755371
2018,06,01,11,232,549,1932,205125.58994293213
2018,06,01,12,232,550,1947,205188.64906311035
2018,06,01,13,231,550,1947,205402.72607421875
2018,06,01,14,230,549,1935,204101.6838607788
2018,06,01,15,230,548,1947,203149.53099822998
2018,06,01,16,229,548,1945,203205.44442749023
2018,06,01,17,229,547,1939,203428.23594665527
2018,06,01,18,229,547,1939,203542.5238418579
2018,06,01,19,229,547,1939,203600.65044403076
2018,06,01,20,230,547,1928,203579.91525268555
2018,06,01,21,229,546,1927,203685.2024307251
2018,06,01,22,229,546,1927,203723.2785949707
2018,06,01,23,229,546,1927,203942.7317352295
2018,06,02,0,232,549,2098,204054.01039886475
2018,06,02,1,232,550,2100,204195.72773742676
2018,06,02,2,232,550,2098,204287.45323181152
2018,06,02,3,232,550,2099,204457.4909439087
2018,06,02,4,232,550,2103,204514.43868255615
2018,06,02,5,232,550,2098,204427.3098678589
2018,06,02,6,232,550,2100,204466.63581085205
2018,06,02,7,232,550,2099,204583.4994354248
2018,06,02,8,232,550,2110,204639.38620758057
2018,06,02,9,232,551,2122,204714.33921813965
2018,06,02,10,232,551,2113,204939.69025421143
2018,06,02,11,232,551,2113,204924.56838226318
2018,06,02,12,232,551,2112,205061.786567688
2018,06,02,13,232,551,2113,205215.53900909424
2018,06,02,14,232,551,2112,205289.65559387207
2018,06,02,15,232,551,2124,205351.13038635254
2018,06,02,16,232,551,2124,205404.8348083496
2018,06,02,17,232,551,2113,205502.79643249512
2018,06,02,18,232,551,2113,205479.00231933594
2018,06,02,19,232,551,2123,205536.43979644775
2018,06,02,20,232,551,2113,205573.13037872314
2018,06,02,21,232,551,2102,205650.63150787354
2018,06,02,22,232,551,2101,205702.39902496338
2018,06,02,23,232,551,2112,205920.01815795898
2018,06,03,0,232,551,2068,205876.32905578613
2018,06,03,1,232,551,2090,205968.08374023438
2018,06,03,2,232,551,2079,205848.34090423584
2018,06,03,3,232,551,2079,205974.2377166748
2018,06,03,4,232,551,2080,206024.90173339844
2018,06,03,5,232,551,2079,206144.3118057251
2018,06,03,6,232,551,2079,206295.09058380127
2018,06,03,7,232,551,2079,206348.4137802124
2018,06,03,8,232,551,2079,206394.653465271
2018,06,03,9,232,551,2079,205799.00983428955
2018,06,03,10,232,551,2079,206426.43377685547
2018,06,03,11,232,551,2079,206487.75560760498
2018,06,03,12,232,551,1947,206538.9991760254
2018,06,03,13,232,551,1892,206351.55937194824
2018,06,03,14,232,551,1837,206377.3597793579
2018,06,03,15,232,552,1860,206415.56496429443
2018,06,03,16,232,552,1860,206451.73027038574
2018,06,03,17,232,552,1838,206445.26223754883
2018,06,03,18,232,552,1849,206469.84162139893
2018,06,03,19,232,552,1838,206502.76448822021
2018,06,03,20,232,552,1840,206518.81247711182
2018,06,03,21,232,552,1840,206544.3274383545
2018,06,03,22,232,552,1830,206421.73317718506
2018,06,03,23,232,552,1839,206527.8377609253
2018,06,04,0,232,552,1853,206588.084815979
2018,06,04,1,231,552,1851,206598.17560577393
2018,06,04,2,232,552,1851,206158.67346191406
2018,06,04,3,232,552,1851,207423.26014709473
2018,06,04,4,232,551,1850,207448.3345336914
2018,06,04,5,232,551,1850,207187.6092224121
2018,06,04,6,232,551,1861,207019.48846435547
2018,06,04,7,232,551,1850,207158.50798797607
2018,06,04,8,232,551,1872,207176.5087890625
2018,06,04,9,232,550,1882,207187.10369873047
2018,06,04,10,232,551,1872,207355.6767425537
2018,06,04,11,232,551,1884,207612.8086013794
2018,06,04,12,233,551,1884,207709.01905059814
2018,06,04,13,233,551,1864,207669.24293518066
2018,06,04,14,233,552,1884,203920.54635620117
2018,06,04,15,233,553,1877,203008.40063476562
2018,06,04,16,233,554,1900,201201.19844055176
2018,06,04,17,232,552,1878,198816.26110839844
2018,06,04,18,232,553,1888,198896.26342773438
2018,06,04,19,232,553,1889,199365.20314788818
2018,06,04,20,231,552,1886,199694.3547897339
2018,06,04,21,231,552,1864,199816.0749359131
2018,06,04,22,231,552,1843,200223.96111297607
2018,06,04,23,231,552,1832,200707.75843048096
2018,06,05,0,234,556,1881,201268.1738204956
2018,06,05,1,234,556,1892,201785.45111846924
2018,06,05,2,234,556,1892,201950.43627929688
2018,06,05,3,236,557,1893,202172.76166534424
2018,06,05,4,236,557,1892,202233.5867614746
2018,06,05,5,235,557,1904,202209.74255371094
2018,06,05,6,235,558,1895,202239.34726715088
2018,06,05,7,236,558,1925,202281.46704101562
2018,06,05,8,237,560,1925,202246.58444976807
2018,06,05,9,237,559,1888,202267.0443649292
2018,06,05,10,238,562,1902,202468.19216156006
2018,06,05,11,238,560,1900,202808.1475830078
2018,06,05,12,238,562,1893,203030.87928009033
2018,06,05,13,238,561,1893,203110.06858062744
2018,06,05,14,239,561,1895,203242.05614471436
2018,06,05,15,239,561,1896,203390.09000396729
2018,06,05,16,239,561,1901,203600.2585296631
2018,06,05,17,240,561,1921,203796.57215881348
2018,06,05,18,241,562,1943,203931.55908966064
2018,06,05,19,241,562,1955,203612.90599822998
2018,06,05,20,239,560,1959,203625.50421142578
2018,06,05,21,239,560,1950,202895.1862411499
2018,06,05,22,240,561,1952,203026.16220855713
2018,06,05,23,240,561,1951,203427.33373260498
2018,06,06,0,240,562,2007,203668.61277770996
2018,06,06,1,240,563,2018,204025.74423980713
2018,06,06,2,240,563,2007,204516.39305114746
2018,06,06,3,240,564,2008,204668.21366119385
2018,06,06,4,240,564,2009,204770.81616210938
2018,06,06,5,240,564,2020,204585.52592468262
2018,06,06,6,240,563,2021,204579.00862884521
2018,06,06,7,240,563,2029,204653.37126922607
2018,06,06,8,241,564,2031,204844.07382202148
2018,06,06,9,241,564,2044,205003.97763824463
2018,06,06,10,241,562,2043,205181.62899017334
2018,06,06,11,241,562,2043,205420.90670013428
2018,06,06,12,242,563,2042,206094.7617263794
2018,06,06,13,242,564,2050,206464.27736663818
2018,06,06,14,242,564,2058,206640.6247024536
2018,06,06,15,243,566,2086,206721.56202697754
2018,06,06,16,241,567,2081,207005.29851531982
2018,06,06,17,241,569,2048,207547.1258239746
2018,06,06,18,241,568,2022,208083.09073638916
2018,06,06,19,241,570,2067,209510.07955169678
2018,06,06,20,241,571,2077,210920.98850250244
2018,06,06,21,243,571,2106,211479.84186553955
2018,06,06,22,244,572,2108,211524.4902420044
2018,06,06,23,244,572,2088,211838.02445983887
2018,06,07,0,244,572,2115,212045.97230529785
2018,06,07,1,244,572,2114,212349.89016723633
2018,06,07,2,244,571,2090,212347.91706085205
2018,06,07,3,244,571,2090,212278.9013671875
2018,06,07,4,244,571,2101,212342.67293548584
2018,06,07,5,243,571,2101,212298.16008758545
2018,06,07,6,244,571,2113,212407.18296813965
2018,06,07,7,244,571,2026,212386.97301483154
2018,06,07,8,245,572,2028,212362.45139312744
2018,06,07,9,247,573,2030,212772.0358428955
2018,06,07,10,247,574,2031,212898.7660598755
2018,06,07,11,247,574,2021,213041.7987060547
2018,06,07,12,246,575,2034,213121.3072128296
2018,06,07,13,247,576,2035,211899.79652404785
2018,06,07,14,247,575,2036,211994.4531402588
2018,06,07,15,246,574,2034,211883.32135772705
2018,06,07,16,246,573,2039,211941.94924926758
2018,06,07,17,246,574,2055,212048.41984558105
2018,06,07,18,246,574,2046,212332.46530151367
2018,06,07,19,245,576,2045,209030.6071548462
2018,06,07,20,245,576,2045,206903.66171264648
2018,06,07,21,245,576,2054,205496.95458984375
2018,06,07,22,245,576,2061,201468.29192352295
2018,06,07,23,245,576,2063,199259.21880340576
2018,06,08,0,245,576,2074,199476.3239593506
2018,06,08,1,245,575,2082,199643.8425140381
2018,06,08,2,244,573,2079,199694.17720031738
2018,06,08,3,244,573,2079,199884.54458618164
2018,06,08,4,244,573,2098,199894.88578033447
2018,06,08,5,244,573,2109,199995.14627838135
2018,06,08,6,244,573,2090,200050.09140014648
2018,06,08,7,243,573,2042,199984.01251220703
2018,06,08,8,244,574,2067,200020.34902954102
2018,06,08,9,244,575,2079,200482.4294204712
2018,06,08,10,245,576,2071,200497.94513702393
2018,06,08,11,245,576,2070,200756.60093688965
2018,06,08,12,245,576,2061,200485.85236358643
2018,06,08,13,245,577,2053,200555.49215698242
2018,06,08,14,244,577,1992,200513.66902160645
2018,06,08,15,243,576,1942,200345.14351654053
2018,06,08,16,243,576,1956,200318.09966278076
2018,06,08,17,243,574,1883,200239.2937927246
2018,06,08,18,243,573,1882,200302.9152984619
2018,06,08,19,243,573,1871,200347.2311706543
2018,06,08,20,243,572,1869,201182.19026947021
2018,06,08,21,243,571,1858,201499.18616485596
2018,06,08,22,243,571,1858,201353.52899169922
2018,06,08,23,243,571,1858,201628.07234954834
2018,06,09,0,243,577,2012,202402.56936645508
2018,06,09,1,243,576,2022,202908.38137817383
2018,06,09,2,243,577,2033,203128.1342086792
2018,06,09,3,243,577,2054,202665.31982421875
2018,06,09,4,243,577,2053,202777.9136505127
2018,06,09,5,243,577,2062,203222.2901763916
2018,06,09,6,243,577,2063,202042.97581481934
2018,06,09,7,243,577,2071,200633.75997924805
2018,06,09,8,243,577,2072,200707.98695373535
2018,06,09,9,243,577,2072,200593.05876159668
2018,06,09,10,243,577,2073,200876.43550872803
2018,06,09,11,243,577,2084,201273.47339630127
2018,06,09,12,243,577,2083,201445.17417907715
2018,06,09,13,243,577,2082,201281.41834259033
2018,06,09,14,243,577,2083,201589.26736450195
2018,06,09,15,243,577,2082,201687.2397994995
2018,06,09,16,243,577,2083,201960.0464553833
2018,06,09,17,243,577,2082,202383.94429779053
2018,06,09,18,243,577,2082,202803.74306488037
2018,06,09,19,243,577,2094,203227.098487854
2018,06,09,20,243,577,2062,203203.433883667
2018,06,09,21,243,577,2081,203535.56968688965
2018,06,09,22,243,577,2080,203875.24293518066
2018,06,09,23,243,577,2090,204424.24840545654
2018,06,10,0,243,577,2090,204557.10682678223
2018,06,10,1,243,577,2101,204891.77243041992
2018,06,10,2,243,577,2101,204958.81562805176
2018,06,10,3,243,577,2102,205336.20267486572
2018,06,10,4,243,577,2112,205529.78424072266
2018,06,10,5,243,577,2111,205682.66163635254
2018,06,10,6,243,577,2103,205746.16619873047
2018,06,10,7,243,577,2113,205850.9024887085
2018,06,10,8,242,576,2112,204515.6177368164
2018,06,10,9,242,576,2113,204392.6571044922
2018,06,10,10,242,576,2114,204290.78182983398
2018,06,10,11,242,576,2103,204282.2525177002
2018,06,10,12,242,576,2103,204390.92860412598
2018,06,10,13,242,576,2104,204206.521484375
2018,06,10,14,242,576,2104,204376.3893814087
2018,06,10,15,242,576,2104,204432.7259979248
2018,06,10,16,242,575,2105,204531.5500793457
2018,06,10,17,242,576,2104,204715.09330749512
2018,06,10,18,242,576,2090,204938.34187316895
2018,06,10,19,242,576,2064,204940.64127349854
2018,06,10,20,242,576,2044,205155.11408233643
2018,06,10,21,242,576,2055,205321.68784332275
2018,06,10,22,242,576,2056,205543.96966552734
2018,06,10,23,242,576,2065,206181.7445602417
2018,06,11,0,242,576,2075,206373.48414611816
2018,06,11,1,242,576,2085,204815.36736297607
2018,06,11,2,242,576,2085,204747.7791595459
2018,06,11,3,242,577,2086,205681.4818496704
2018,06,11,4,242,577,2087,206113.71894073486
2018,06,11,5,242,577,2088,206480.4365081787
2018,06,11,6,242,577,1935,205796.43184661865
2018,06,11,7,242,577,1945,205998.01151275635
2018,06,11,8,242,577,1947,206164.1472015381
2018,06,11,9,242,577,1947,206055.7260055542
2018,06,11,10,242,577,1969,205976.91178894043
2018,06,11,11,242,577,1980,206115.142578125
2018,06,11,12,242,577,1990,206061.39943695068
2018,06,11,13,242,577,1990,206033.74941253662
2018,06,11,14,241,577,1987,205850.68560791016
2018,06,11,15,241,578,1988,205411.70735931396
2018,06,11,16,241,578,1988,205545.62508392334
2018,06,11,17,240,578,2000,205639.72257232666
2018,06,11,18,240,577,1998,205384.6053466797
2018,06,11,19,241,578,1998,205803.9309234619
2018,06,11,20,241,579,2018,206428.8730392456
2018,06,11,21,241,580,2019,206886.32682037354
2018,06,11,22,242,580,2019,207391.9835510254
2018,06,11,23,242,579,2018,208446.34288787842
2018,06,12,0,242,580,2060,209123.54834747314
2018,06,12,1,243,581,2021,209646.88877868652
2018,06,12,2,243,581,1991,209966.4482269287
2018,06,12,3,243,582,2012,210575.28058624268
2018,06,12,4,243,582,2012,211078.85761260986
2018,06,12,5,242,581,2010,211622.3645477295
2018,06,12,6,242,582,2066,211870.5450592041
2018,06,12,7,243,583,2090,212269.88205718994
2018,06,12,8,243,582,2090,212577.2748184204
2018,06,12,9,242,581,2096,212796.25218963623
2018,06,12,10,242,582,2068,212993.20442962646
2018,06,12,11,242,584,2077,212927.42207336426
2018,06,12,12,243,584,2077,213332.22874450684
2018,06,12,13,243,584,2090,213401.32411956787
2018,06,12,14,243,583,2020,212304.99710083008
2018,06,12,15,243,583,2009,211269.92073059082
2018,06,12,16,244,583,2009,211173.90348815918
2018,06,12,17,244,583,2039,211380.5316543579
2018,06,12,18,244,588,2055,211343.41130065918
2018,06,12,19,216,550,1642,169151.96477508545
2018,06,12,20,244,588,2095,212273.4663848877
2018,06,12,21,243,587,2114,212570.13903808594
2018,06,12,22,243,587,2083,212717.3249053955
2018,06,12,23,243,587,1920,212906.0644607544
2018,06,13,0,244,589,1991,212282.15420532227
2018,06,13,1,244,589,2013,212902.23432159424
2018,06,13,2,243,589,2037,213367.32694244385
2018,06,13,3,244,589,2049,214026.4068069458
2018,06,13,4,245,590,2047,213970.47453308105
2018,06,13,5,245,590,2058,214873.9437637329
2018,06,13,6,245,590,2082,215183.70268249512
2018,06,13,7,245,590,2002,215263.69199371338
2018,06,13,8,245,590,2046,216548.43634796143
2018,06,13,9,245,590,2081,215493.06827545166
2018,06,13,10,246,594,2108,215996.3923187256
2018,06,13,11,247,596,2026,216577.10781860352
2018,06,13,12,247,596,1854,219078.80754852295
2018,06,13,13,216,520,1672,208489.6047821045
2018,06,13,14,248,596,1857,219322.34321594238
2018,06,13,15,248,597,1862,219634.4188079834
2018,06,13,16,249,598,1867,220287.7601852417
2018,06,13,17,245,594,1815,219146.38175964355
2018,06,13,18,249,598,1944,221104.1132888794
2018,06,13,19,250,598,1993,229649.37314605713
2018,06,13,20,250,598,1956,222031.38049316406
2018,06,13,21,250,597,1919,222409.3330230713
2018,06,13,22,251,597,1934,230465.8731842041
2018,06,13,23,251,597,1905,227207.11030578613
2018,06,14,0,1,1,1982,224279.80716705322
2018,06,14,1,1,1,1956,224722.34182739258
2018,06,14,2,1,1,1968,224900.08318328857
2018,06,14,3,1,1,1955,224632.7264099121
2018,06,14,4,1,1,1931,224666.88772583008
2018,06,14,5,1,1,1950,222834.00051879883
2018,06,14,6,1,1,2002,223092.20544433594
2018,06,14,7,1,1,1853,223728.32849884033
2018,06,14,8,1,1,1883,224015.97281646729
2018,06,14,9,1,1,1909,223215.66510772705
2018,06,14,10,1,1,1888,223624.0505142212
2018,06,14,11,1,1,1989,224423.7756729126
2018,06,14,12,1,1,1872,224867.98456573486
2018,06,14,13,1,1,1894,225624.65560150146
2018,06,14,14,1,1,1546,181501.47281646729
2018,06,14,15,1,1,1755,202969.45544433594
2018,06,14,16,1,1,1752,225007.1731262207
2018,06,14,17,1,1,1757,225058.74201202393
2018,06,14,18,1,1,1743,225587.425239563
2018,06,14,19,1,1,1739,225605.61128234863
2018,06,14,20,1,1,1766,225582.84844207764
2018,06,14,21,1,1,1773,225831.77408599854
2018,06,14,22,1,1,1779,225930.46389007568
2018,06,14,23,1,1,1774,226067.6392440796
2018,06,15,0,254,597,1784,227344.8125
2018,06,15,1,255,598,1783,227461.18817138672
2018,06,15,2,255,598,1798,227275.66467285156
2018,06,15,3,255,599,1806,228965.68494415283
2018,06,15,4,255,599,1813,230039.81156921387
2018,06,15,5,255,599,1830,230127.50374603271
2018,06,15,6,254,598,1846,230313.0855026245
2018,06,15,7,254,598,1829,230500.23474884033
2018,06,15,8,254,598,1858,230708.89811706543
2018,06,15,9,255,598,1835,230888.60005950928
2018,06,15,10,256,599,1887,231760.14525604248
2018,06,15,11,256,600,1869,232009.9728088379
2018,06,15,12,256,598,1861,232618.94758605957
2018,06,15,13,230,560,1486,188484.070602417
2018,06,15,14,228,520,1670,208452.68558502197
2018,06,15,15,228,520,1692,208692.76976013184
2018,06,15,16,190,441,1207,157913.15810394287
2018,06,15,17,231,560,1510,190127.63886260986
2018,06,15,18,228,520,1689,208209.01418304443
2018,06,15,19,231,560,1509,190271.40830993652
2018,06,15,20,258,600,1931,235431.14791107178
2018,06,15,21,258,599,1958,236665.62227630615
2018,06,15,22,258,598,1951,236422.70161437988
2018,06,15,23,258,598,1940,237110.09650421143
2018,06,16,0,258,598,1932,237368.73791503906
2018,06,16,1,258,598,1939,238406.0552520752
2018,06,16,2,258,599,1951,238509.9234085083
2018,06,16,3,259,599,1941,239292.22117614746
2018,06,16,4,259,599,1963,240889.08156585693
2018,06,16,5,259,599,1943,241244.11507415771
2018,06,16,6,259,599,1941,241827.4602584839
2018,06,16,7,259,599,1951,242359.20668029785
2018,06,16,8,259,599,1952,242578.9550933838
2018,06,16,9,259,599,1965,242974.20248413086
2018,06,16,10,259,599,1992,243820.2043991089
2018,06,16,11,258,599,1956,244191.84159851074
2018,06,16,12,258,599,1927,245066.6192626953
2018,06,16,13,258,599,1939,245199.20818328857
2018,06,16,14,258,599,1959,245282.31604003906
2018,06,16,15,258,600,1942,245774.9264907837
2018,06,16,16,258,600,1946,245878.53931427002
2018,06,16,17,258,600,1952,246195.57275390625
2018,06,16,18,258,600,1939,246573.73181915283
2018,06,16,19,258,600,1939,246742.96940612793
2018,06,16,20,258,600,1950,247638.22243499756
2018,06,16,21,258,600,1948,248966.30630493164
2018,06,16,22,258,599,1939,249223.02976989746
2018,06,16,23,258,599,1949,250527.52519226074
2018,06,17,0,258,599,1943,251182.64163970947
2018,06,17,1,258,599,1938,253002.65829467773
2018,06,17,2,258,599,1949,253274.85389709473
2018,06,17,3,258,599,1939,254383.38260650635
2018,06,17,4,258,599,1939,255663.4896621704
2018,06,17,5,258,599,1948,255974.7228012085
2018,06,17,6,258,599,1950,256596.05757141113
2018,06,17,7,258,599,1938,257162.90684509277
2018,06,17,8,258,599,1949,257405.9738922119
2018,06,17,9,258,599,1939,257859.39428710938
2018,06,17,10,258,599,1939,258374.434715271
2018,06,17,11,258,599,1956,258747.98345947266
2018,06,17,12,258,599,1938,259138.2372970581
2018,06,17,13,258,599,1938,259686.5673904419
2018,06,17,14,258,599,1950,260001.9130935669
2018,06,17,15,258,599,1939,259731.5399169922
2018,06,17,16,258,599,1938,259998.41226959229
2018,06,17,17,258,599,1958,260652.2978363037
2018,06,17,18,258,599,1939,261356.86043548584
2018,06,17,19,258,599,1950,266064.0062942505
2018,06,17,20,259,600,1949,262200.4206314087
2018,06,17,21,259,600,1939,262649.685295105
2018,06,17,22,259,600,1949,262895.20935058594
2018,06,17,23,259,600,1950,263826.340423584
2018,06,18,0,259,600,1940,264195.8990325928
2018,06,18,1,259,600,1942,265100.1780319214
2018,06,18,2,259,600,1960,265344.5796279907
2018,06,18,3,259,600,1964,272894.1406402588
2018,06,18,4,259,600,1966,267725.15882110596
2018,06,18,5,260,600,1993,268150.74535369873
2018,06,18,6,260,600,1973,268696.17805480957
2018,06,18,7,260,601,1986,269498.1957702637
2018,06,18,8,260,601,2041,270538.1699295044
2018,06,18,9,260,600,1999,269275.6516265869
2018,06,18,10,260,601,2005,269520.07947540283
2018,06,18,11,259,604,1995,270196.1125869751
2018,06,18,12,259,604,1979,269463.28437042236
2018,06,18,13,230,525,1767,223257.32013702393
2018,06,18,14,260,604,1984,269919.563621521
2018,06,18,15,232,565,1552,220169.1527709961
2018,06,18,16,260,605,1986,271080.07597351074
2018,06,18,17,260,604,1984,271478.64307403564
2018,06,18,18,260,604,1973,270971.2539291382
2018,06,18,19,260,603,1970,271200.8243484497
2018,06,18,20,260,603,1968,271445.8898925781
2018,06,18,21,260,603,1968,270801.9246902466
2018,06,18,22,260,603,1978,271002.82566070557
2018,06,18,23,260,603,1968,272028.7801437378
2018,06,19,0,260,606,1992,272230.83628845215
2018,06,19,1,261,606,2032,275321.6051559448
2018,06,19,2,261,606,2031,273763.7560348511
2018,06,19,3,260,606,2030,275494.81157684326
2018,06,19,4,261,606,2046,284409.1912536621
2018,06,19,5,261,605,2040,278124.7785949707
2018,06,19,6,261,605,2076,278782.9042816162
2018,06,19,7,261,604,2093,277784.0711212158
2018,06,19,8,261,604,2094,278789.0443725586
2018,06,19,9,261,605,2086,278461.4021835327
2018,06,19,10,261,606,2120,278979.59491729736
2018,06,19,11,261,607,2133,279520.2360534668
2018,06,19,12,260,606,2141,280353.51985168457
2018,06,19,13,259,606,2148,280841.377784729
2018,06,19,14,259,607,2175,280604.78577423096
2018,06,19,15,259,606,2149,280703.6449508667
2018,06,19,16,259,607,2197,282337.2817764282
2018,06,19,17,259,607,2199,279793.3411331177
2018,06,19,18,260,611,2208,279829.91735076904
2018,06,19,19,260,613,2190,280161.5307235718
2018,06,19,20,260,612,2147,280175.41206359863
2018,06,19,21,260,612,2106,280688.14012908936
2018,06,19,22,260,612,2121,281245.0238189697
2018,06,19,23,260,612,2127,281959.0119857788
2018,06,20,0,261,615,2168,282585.4171066284
2018,06,20,1,261,615,2216,283003.7284164429
2018,06,20,2,261,615,2186,283105.8045501709
2018,06,20,3,261,615,2195,285036.8263397217
2018,06,20,4,261,616,2177,286124.612449646
2018,06,20,5,261,614,2196,286849.97883605957
2018,06,20,6,262,614,2177,287544.87228393555
2018,06,20,7,262,614,2208,292279.14741516113
2018,06,20,8,262,617,2184,288294.90645599365
2018,06,20,9,262,617,2114,287519.80966186523
2018,06,20,10,262,618,2131,287212.6770095825
2018,06,20,11,262,617,2102,287040.826423645
2018,06,20,12,262,620,2099,287319.24656677246
2018,06,20,13,263,620,2116,287809.09129333496
2018,06,20,14,264,622,2109,287779.29747772217
2018,06,20,15,264,622,2101,287332.11514282227
2018,06,20,16,262,624,2126,287442.3000488281
2018,06,20,17,263,624,2138,287809.04412841797
2018,06,20,18,263,624,2130,287513.58657073975
2018,06,20,19,263,624,2117,287790.04276275635
2018,06,20,20,263,624,2124,287935.50939941406
2018,06,20,21,263,624,2112,288130.07260131836
2018,06,20,22,263,624,2119,286599.70098114014
2018,06,20,23,263,616,2104,285969.78468322754
2018,06,21,0,264,617,2197,286366.59538269043
2018,06,21,1,263,617,2241,286630.30699920654
2018,06,21,2,263,617,2257,287592.8271179199
2018,06,21,3,263,617,2265,291256.053024292
2018,06,21,4,263,617,2287,289097.1800689697
2018,06,21,5,263,617,2245,288347.7537765503
2018,06,21,6,263,617,2303,288885.23762512207
2018,06,21,7,261,617,2226,288989.6605682373
2018,06,21,8,261,616,2246,288544.6192398071
2018,06,21,9,261,617,2247,289064.1280899048
2018,06,21,10,261,617,2260,289420.27447509766
2018,06,21,11,262,618,2275,289882.8621444702
2018,06,21,12,262,618,2276,290187.10514831543
2018,06,21,13,261,618,2315,290415.62435913086
2018,06,21,14,261,618,2147,289920.0048446655
2018,06,21,15,261,619,2149,289277.5248031616
2018,06,21,16,261,620,2111,290309.8199310303
2018,06,21,17,260,620,2097,290702.8941116333
2018,06,21,18,260,619,2014,294203.138130188
2018,06,21,19,260,620,2038,290839.1278305054
2018,06,21,20,260,619,2034,291599.8620376587
2018,06,21,21,260,619,2026,292691.17265319824
2018,06,21,22,260,618,2011,292949.2420425415
2018,06,21,23,260,618,2009,293685.23930358887
2018,06,22,0,226,535,1824,217097.60025787354
2018,06,22,1,259,619,2022,298003.1113052368
2018,06,22,2,259,619,2051,294850.0536880493
2018,06,22,3,260,619,2044,296347.3645248413
2018,06,22,4,260,619,2036,296177.6385040283
2018,06,22,5,260,619,2046,296819.7860031128
2018,06,22,6,260,619,2036,296865.74700164795
2018,06,22,7,261,619,2033,296963.67556762695
2018,06,22,8,261,619,2042,297109.71141815186
2018,06,22,9,261,619,2038,297503.0623626709
2018,06,22,10,261,619,2043,297312.4019546509
2018,06,22,11,262,621,2108,297488.57331848145
2018,06,22,12,262,621,2056,298333.77240753174
2018,06,22,13,262,621,2041,298928.467048645
2018,06,22,14,262,622,2067,298703.53162384033
2018,06,22,15,262,621,2057,299484.7802658081
2018,06,22,16,262,621,2063,300574.0024108887
2018,06,22,17,262,621,2075,301369.1443710327
2018,06,22,18,262,621,2073,301095.87116241455
2018,06,22,19,262,620,2072,301392.6045913696
2018,06,22,20,261,620,2081,303147.6773071289
2018,06,22,21,261,619,2079,303130.5005874634
2018,06,22,22,261,620,2081,304624.4574508667
2018,06,22,23,263,620,2070,300413.64403533936
2018,06,23,0,263,619,2083,300353.4510345459
2018,06,23,1,263,619,2083,300054.9850692749
2018,06,23,2,263,617,2102,300648.4694747925
2018,06,23,3,261,615,2073,301853.87481689453
2018,06,23,4,261,615,2076,305039.8316192627
2018,06,23,5,261,615,2083,303418.78045654297
2018,06,23,6,261,615,2084,303785.9789199829
2018,06,23,7,261,615,2074,303791.98246765137
2018,06,23,8,261,615,2096,305263.23860931396
2018,06,23,9,261,615,2075,304705.0504989624
2018,06,23,10,261,615,2074,304987.31562805176
2018,06,23,11,261,615,2084,305017.4351577759
2018,06,23,12,261,615,2074,305478.35750579834
2018,06,23,13,261,615,2074,305744.9353713989
2018,06,23,14,261,615,2084,305718.598236084
2018,06,23,15,261,615,1970,306637.6228713989
2018,06,23,16,261,615,1975,307010.5764770508
2018,06,23,17,261,615,1999,308269.0954055786
2018,06,23,18,261,615,1988,306396.3754501343
2018,06,23,19,261,615,1986,306398.8151779175
2018,06,23,20,261,615,1993,307022.93099212646
2018,06,23,21,261,615,1985,307803.02599334717
2018,06,23,22,261,614,1991,308598.49822998047
2018,06,23,23,261,614,1984,309375.3110961914
2018,06,24,0,261,616,2007,310074.0801086426
2018,06,24,1,261,615,1990,310897.7195587158
2018,06,24,2,261,615,2034,311407.7117767334
2018,06,24,3,261,615,1995,312990.8148880005
2018,06,24,4,261,615,2000,313999.5704269409
2018,06,24,5,261,615,1995,314114.89948272705
2018,06,24,6,261,615,2005,314327.225730896
2018,06,24,7,261,615,2005,314378.2671203613
2018,06,24,8,261,615,2006,314453.6005706787
2018,06,24,9,261,615,2005,314529.0513000488
2018,06,24,10,261,615,2005,314683.4106140137
2018,06,24,11,260,615,1987,314418.65829467773
2018,06,24,12,260,614,1988,313997.96367645264
2018,06,24,13,260,614,1988,313173.26037597656
2018,06,24,14,260,614,1985,312755.03301239014
2018,06,24,15,260,614,1985,312891.6473236084
2018,06,24,16,260,614,1985,312650.2713851929
2018,06,24,17,260,614,1985,312917.2582015991
2018,06,24,18,260,614,1985,313006.175819397
2018,06,24,19,260,614,1985,312908.0768356323
2018,06,24,20,260,614,1985,312813.6382598877
2018,06,24,21,260,614,1985,312874.72397613525
2018,06,24,22,260,614,1985,312976.38664245605
2018,06,24,23,260,614,1985,313295.06046295166
2018,06,25,0,260,615,2067,313319.6050186157
2018,06,25,1,260,615,2068,313951.035697937
2018,06,25,2,260,615,2090,314517.6982421875
2018,06,25,3,260,615,2076,316245.8593978882
2018,06,25,4,260,615,2118,317992.1135635376
2018,06,25,5,260,615,2095,317500.4189071655
2018,06,25,6,260,615,2094,317273.66149902344
2018,06,25,7,260,616,2097,316903.7569580078
2018,06,25,8,260,616,2078,318166.3130493164
2018,06,25,9,260,618,2099,317249.09504699707
2018,06,25,10,260,618,2089,316968.79930877686
2018,06,25,11,260,618,2098,316318.82635498047
2018,06,25,12,260,618,2080,315538.8808364868
2018,06,25,13,260,619,2090,315564.4020996094
2018,06,25,14,260,619,2039,315562.2405014038
2018,06,25,15,260,618,1913,314763.9041366577
2018,06,25,16,260,619,1913,314894.0852661133
2018,06,25,17,260,619,1932,314846.7914733887
2018,06,25,18,260,619,1941,313041.99321746826
2018,06,25,19,260,619,1932,313057.2685623169
2018,06,25,20,260,619,1934,310206.43155670166
2018,06,25,21,260,619,1934,307788.52143859863
2018,06,25,22,260,618,1938,309568.1717376709
2018,06,25,23,260,618,1933,309574.11071777344
2018,06,27,0,267,631,2157,315382.01902008057
2018,06,27,1,267,631,2200,316401.0394821167
2018,06,27,2,267,631,2217,316377.33444976807
2018,06,27,3,267,631,2236,318062.9488067627
2018,06,27,4,267,631,2249,318875.2184829712
2018,06,27,5,267,631,2274,318925.47565460205
2018,06,27,6,267,632,2281,319327.6984176636
2018,06,27,7,267,632,2279,319179.8669281006
2018,06,27,8,268,632,2283,319423.8138961792
2018,06,27,9,267,633,2341,319617.7237625122
2018,06,27,10,267,633,2286,320039.3365097046
2018,06,27,11,267,632,2234,320452.39179229736
2018,06,27,12,267,632,2260,320848.37993621826
2018,06,27,13,267,632,2233,321097.1479187012
2018,06,28,22,328,635,2259,307352.522
2018,06,30,0,329,633,2260,303078.842
2018,07,02,21,334,643,2368,314592.958
2018,07,05,12,342,659,2444,334175.817
